Deadly Corridor
OGNet Epoch: 1 [-95.12612579345704, -76.89098724365235, 162.0826821899414, 157.05113342285156, 144.2957748413086]
DQN   Epoch: 1 [-96.79931121826172, -74.33999206542968, 145.5169876098633, 152.5480679321289, 163.9842022705078]
OGNet Epoch: 5 [-37.043460083007815, 41.01406280517578, 55.54684356689453, 30.21759490966797, 15.905909729003906]
DQN   Epoch: 5 [-32.775093688964844, 52.46471160888672, 63.64924591064453, 58.36448547363281, 74.16758209228516]
OGNet Epoch: 10 [4.54114501953125, 34.93893371582031, -58.717306518554686, -87.95286041259766, -97.30543518066406]
DQN   Epoch: 10 [12.628460388183594, 22.752733764648436, -91.64784362792969, -75.21830841064452, -91.86010528564454]
OGNet Epoch: 15 [-99.4783627319336, -97.19104187011719, 102.5745767211914, 10.27945831298828, 12.772285766601563]
DQN   Epoch: 15 [-55.7251220703125, -109.17154266357421, 110.7126889038086, 71.27136291503906, 74.602578125]
OGNet Epoch: 20 [-16.029742736816406, -38.95900665283203, 151.24161865234376, 161.79391662597655, 218.16994720458985]
DQN   Epoch: 20 [-55.236197814941406, 27.787674255371094, 142.38790008544922, 144.84397399902343, 159.78644317626953]