Rocket Basic
OGNet Epoch: 1 [-298.76, -298.8, -151.28, 22.82, -19.2]
DQN   Epoch: 1 [-114.64, -66.9, 44.84, 43.68, 48.86]
OGNet Epoch: 5 [-295.66, -290.98, 10.04, -282.46, 18.94]
DQN   Epoch: 5 [-268.58, -7.02, 24.8, 43.06, 55.8]
OGNet Epoch: 10 [-305.18, -227.8, -247.56, -225.7, -31.74]
DQN   Epoch: 10 [-133.52, -120.58, 1.72, 28.28, 35.78]
OGNet Epoch: 15 [-298.28, -294.7, -64.64, -230.92, 22.34]
DQN   Epoch: 15 [-44.8, -280.72, 36.94, 28.36, 48.42]
OGNet Epoch: 20 [-295.2, -172.04, -176.78, -39.42, 23.96]
DQN   Epoch: 20 [-136.38, -105.24, 30.7, 2.64, 34.6]