0,572.0
1,412.0
2,316.0
3,316.0
4,412.0
5,348.0
6,892.0
7,348.0
8,540.0
9,380.0
10,348.0
11,412.0
12,284.0
13,412.0
14,380.0
15,412.0
16,764.0
17,380.0
18,316.0
19,284.0
20,380.0
21,1180.0
22,956.0
23,412.0
24,412.0
25,1244.0
26,540.0
27,316.0
28,444.0
29,284.0
30,476.0
31,412.0
32,508.0
33,508.0
34,284.0
35,764.0
36,796.0
37,380.0
38,348.0
39,284.0
40,348.0
41,572.0
42,508.0
43,380.0
44,284.0
45,1020.0
46,764.0
47,1180.0
48,476.0
49,316.0
50,284.0
51,380.0
52,380.0
53,540.0
54,444.0
55,540.0
56,668.0
57,412.0
58,348.0
59,316.0
60,508.0
61,764.0
62,316.0
63,284.0
64,796.0
65,316.0
66,316.0
67,604.0
68,540.0
69,668.0
70,860.0
71,796.0
72,1436.0
73,284.0
74,316.0
75,572.0
76,380.0
77,508.0
78,604.0
79,572.0
80,284.0
81,316.0
82,316.0
83,412.0
84,412.0
85,284.0
86,604.0
87,924.0
88,380.0
89,380.0
90,476.0
91,636.0
92,284.0
93,1564.0
94,476.0
95,316.0
96,316.0
97,604.0
98,380.0
99,348.0
100,412.0
101,348.0
102,668.0
103,540.0
104,380.0
105,412.0
106,476.0
107,1180.0
108,1500.0
109,604.0
110,380.0
111,444.0
112,476.0
113,316.0
114,348.0
115,380.0
116,508.0
117,380.0
118,444.0
119,412.0
120,348.0
121,988.0
122,284.0
123,284.0
124,412.0
125,1052.0
126,284.0
127,476.0
128,412.0
129,348.0
130,380.0
131,700.0
132,508.0
133,348.0
134,284.0
135,316.0
136,284.0
137,700.0
138,380.0
139,284.0
140,636.0
141,1404.0
142,284.0
143,540.0
144,412.0
145,380.0
146,572.0
147,380.0
148,604.0
149,284.0
150,668.0
151,444.0
152,444.0
153,380.0
154,796.0
155,380.0
156,348.0
157,668.0
158,508.0
159,380.0
160,380.0
161,412.0
162,444.0
163,412.0
164,380.0
165,316.0
166,284.0
167,412.0
168,540.0
169,380.0
170,348.0
171,476.0
172,284.0
173,348.0
174,380.0
175,380.0
176,380.0
177,348.0
178,732.0
179,284.0
180,700.0
181,380.0
182,508.0
183,412.0
184,412.0
185,380.0
186,732.0
187,412.0
188,380.0
189,636.0
190,380.0
191,284.0
192,380.0
193,476.0
194,380.0
195,284.0
196,700.0
197,412.0
198,572.0
199,316.0
200,636.0
201,284.0
202,284.0
203,476.0
204,284.0
205,316.0
206,348.0
207,700.0
208,476.0
209,444.0
210,476.0
211,572.0
212,284.0
213,348.0
214,412.0
215,828.0
216,476.0
217,380.0
218,540.0
219,284.0
220,316.0
221,284.0
222,412.0
223,380.0
224,380.0
225,604.0
226,412.0
227,348.0
228,380.0
229,636.0
230,380.0
231,412.0
232,476.0
233,412.0
234,284.0
235,380.0
236,284.0
237,828.0
238,572.0
239,508.0
240,796.0
241,412.0
242,380.0
243,316.0
244,380.0
245,348.0
246,508.0
247,284.0
248,572.0
249,764.0
250,380.0
251,508.0
252,380.0
253,508.0
254,540.0
255,508.0
256,444.0
257,316.0
258,476.0
259,380.0
260,380.0
261,316.0
262,284.0
263,380.0
264,380.0
265,572.0
266,508.0
267,380.0
268,572.0
269,668.0
270,284.0
271,284.0
272,476.0
273,412.0
274,316.0
275,508.0
276,476.0
277,284.0
278,668.0
279,796.0
280,796.0
281,380.0
282,348.0
283,668.0
284,476.0
285,892.0
286,380.0
287,444.0
288,284.0
289,380.0
290,476.0
291,476.0
292,828.0
293,316.0
294,412.0
295,380.0
296,380.0
297,412.0
298,508.0
299,476.0
300,540.0
301,604.0
302,572.0
303,508.0
304,316.0
305,476.0
306,284.0
307,348.0
308,572.0
309,668.0
310,348.0
311,508.0
312,668.0
313,476.0
314,316.0
315,284.0
316,412.0
317,668.0
318,1692.0
319,508.0
320,700.0
321,444.0
322,284.0
323,348.0
324,476.0
325,284.0
326,380.0
327,284.0
328,284.0
329,508.0
330,412.0
331,444.0
332,476.0
333,668.0
334,508.0
335,476.0
336,316.0
337,444.0
338,412.0
339,668.0
340,604.0
341,380.0
342,380.0
343,572.0
344,476.0
345,572.0
346,476.0
347,284.0
348,284.0
349,956.0
350,284.0
351,540.0
352,380.0
353,284.0
354,316.0
355,348.0
356,604.0
357,284.0
358,284.0
359,316.0
360,572.0
361,348.0
362,476.0
363,828.0
364,348.0
365,380.0
366,284.0
367,668.0
368,732.0
369,476.0
370,700.0
371,316.0
372,572.0
373,572.0
374,284.0
375,380.0
376,668.0
377,284.0
378,412.0
379,348.0
380,412.0
381,476.0
382,284.0
383,316.0
384,380.0
385,380.0
386,636.0
387,508.0
388,380.0
389,508.0
390,1116.0
391,380.0
392,316.0
393,380.0
394,508.0
395,348.0
396,348.0
397,348.0
398,540.0
399,956.0
400,380.0
401,700.0
402,284.0
403,2100.0
404,348.0
405,284.0
406,668.0
407,956.0
408,284.0
409,380.0
410,380.0
411,348.0
412,668.0
413,316.0
414,380.0
415,284.0
416,828.0
417,604.0
418,380.0
419,380.0
420,540.0
421,316.0
422,444.0
423,604.0
424,444.0
425,508.0
426,604.0
427,412.0
428,476.0
429,956.0
430,700.0
431,796.0
432,284.0
433,380.0
434,380.0
435,412.0
436,284.0
437,316.0
438,668.0
439,316.0
440,284.0
441,412.0
442,668.0
443,1020.0
444,284.0
445,476.0
446,380.0
447,380.0
448,380.0
449,412.0
450,476.0
451,380.0
452,380.0
453,508.0
454,476.0
455,284.0
456,2100.0
457,380.0
458,316.0
459,348.0
460,444.0
461,284.0
462,572.0
463,700.0
464,348.0
465,316.0
466,348.0
467,316.0
468,380.0
469,380.0
470,380.0
471,1180.0
472,860.0
473,380.0
474,348.0
475,348.0
476,348.0
477,572.0
478,476.0
479,284.0
480,476.0
481,412.0
482,380.0
483,476.0
484,412.0
485,540.0
486,348.0
487,412.0
488,348.0
489,796.0
490,380.0
491,316.0
492,348.0
493,316.0
494,476.0
495,732.0
496,700.0
497,476.0
498,284.0
499,380.0
500,316.0
501,316.0
502,508.0
503,444.0
504,412.0
505,828.0
506,828.0
507,572.0
508,604.0
509,380.0
510,284.0
511,476.0
512,316.0
513,444.0
514,604.0
515,380.0
516,348.0
517,380.0
518,476.0
519,700.0
520,572.0
521,380.0
522,284.0
523,380.0
524,476.0
525,284.0
526,412.0
527,828.0
528,412.0
529,284.0
530,316.0
531,380.0
532,540.0
533,284.0
534,508.0
535,636.0
536,604.0
537,380.0
538,412.0
539,284.0
540,860.0
541,380.0
542,380.0
543,316.0
544,412.0
545,412.0
546,444.0
547,380.0
548,412.0
549,316.0
550,348.0
551,476.0
552,476.0
553,380.0
554,380.0
555,412.0
556,476.0
557,380.0
558,380.0
559,284.0
560,284.0
561,284.0
562,508.0
563,444.0
564,412.0
565,380.0
566,476.0
567,444.0
568,380.0
569,444.0
570,284.0
571,476.0
572,284.0
573,380.0
574,316.0
575,476.0
576,636.0
577,1084.0
578,412.0
579,316.0
580,796.0
581,1468.0
582,348.0
583,444.0
584,380.0
585,284.0
586,284.0
587,476.0
588,380.0
589,348.0
590,412.0
591,380.0
592,380.0
593,700.0
594,540.0
595,284.0
596,284.0
597,1468.0
598,412.0
599,668.0
600,508.0
601,700.0
602,348.0
603,444.0
604,732.0
605,380.0
606,316.0
607,412.0
608,444.0
609,348.0
610,380.0
611,540.0
612,380.0
613,444.0
614,476.0
615,380.0
616,476.0
617,572.0
618,284.0
619,284.0
620,508.0
621,380.0
622,572.0
623,540.0
624,1052.0
625,348.0
626,284.0
627,572.0
628,380.0
629,796.0
630,444.0
631,412.0
632,476.0
633,284.0
634,316.0
635,604.0
636,668.0
637,348.0
638,540.0
639,380.0
640,604.0
641,476.0
642,348.0
643,668.0
644,284.0
645,444.0
646,380.0
647,444.0
648,380.0
649,444.0
650,380.0
651,732.0
652,348.0
653,540.0
654,284.0
655,284.0
656,284.0
657,348.0
658,1052.0
659,508.0
660,284.0
661,540.0
662,284.0
663,380.0
664,892.0
665,540.0
666,316.0
667,1052.0
668,1340.0
669,284.0
670,476.0
671,476.0
672,348.0
673,284.0
674,604.0
675,444.0
676,380.0
677,572.0
678,412.0
679,540.0
680,444.0
681,316.0
682,540.0
683,380.0
684,508.0
685,380.0
686,380.0
687,444.0
688,284.0
689,412.0
690,444.0
691,284.0
692,700.0
693,764.0
694,348.0
695,476.0
696,476.0
697,348.0
698,444.0
699,476.0
700,348.0
701,1244.0
702,316.0
703,412.0
704,348.0
705,348.0
706,284.0
707,444.0
708,284.0
709,316.0
710,380.0
711,380.0
712,348.0
713,412.0
714,444.0
715,284.0
716,956.0
717,316.0
718,572.0
719,316.0
720,316.0
721,284.0
722,348.0
723,732.0
724,348.0
725,380.0
726,764.0
727,380.0
728,892.0
729,380.0
730,828.0
731,668.0
732,380.0
733,284.0
734,412.0
735,412.0
736,412.0
737,380.0
738,892.0
739,284.0
740,380.0
741,412.0
742,316.0
743,284.0
744,316.0
745,572.0
746,316.0
747,476.0
748,348.0
749,412.0
750,348.0
751,284.0
752,1052.0
753,380.0
754,540.0
755,348.0
756,540.0
757,284.0
758,412.0
759,284.0
760,572.0
761,284.0
762,476.0
763,348.0
764,476.0
765,380.0
766,412.0
767,380.0
768,476.0
769,444.0
770,348.0
771,476.0
772,284.0
773,956.0
774,380.0
775,444.0
776,476.0
777,284.0
778,380.0
779,412.0
780,412.0
781,732.0
782,380.0
783,380.0
784,380.0
785,444.0
786,444.0
787,444.0
788,860.0
789,700.0
790,444.0
791,732.0
792,700.0
793,284.0
794,284.0
795,1020.0
796,476.0
797,444.0
798,348.0
799,444.0
800,380.0
801,636.0
802,476.0
803,316.0
804,924.0
805,380.0
806,284.0
807,316.0
808,284.0
809,348.0
810,380.0
811,316.0
812,316.0
813,796.0
814,476.0
815,380.0
816,860.0
817,284.0
818,284.0
819,860.0
820,540.0
821,956.0
822,732.0
823,796.0
824,316.0
825,380.0
826,860.0
827,284.0
828,668.0
829,572.0
830,796.0
831,572.0
832,284.0
833,348.0
834,348.0
835,444.0
836,444.0
837,380.0
838,412.0
839,380.0
840,444.0
841,412.0
842,380.0
843,636.0
844,316.0
845,316.0
846,572.0
847,284.0
848,316.0
849,444.0
850,316.0
851,380.0
852,476.0
853,380.0
854,444.0
855,476.0
856,284.0
857,380.0
858,380.0
859,348.0
860,476.0
861,540.0
862,348.0
863,732.0
864,412.0
865,380.0
866,380.0
867,636.0
868,316.0
869,348.0
870,540.0
871,476.0
872,380.0
873,444.0
874,476.0
875,284.0
876,380.0
877,284.0
878,380.0
879,380.0
880,476.0
881,348.0
882,412.0
883,380.0
884,316.0
885,316.0
886,380.0
887,284.0
888,348.0
889,668.0
890,284.0
891,444.0
892,604.0
893,380.0
894,284.0
895,284.0
896,572.0
897,572.0
898,284.0
899,284.0
900,284.0
901,508.0
902,316.0
903,508.0
904,316.0
905,476.0
906,572.0
907,668.0
908,476.0
909,380.0
910,412.0
911,380.0
912,316.0
913,668.0
914,540.0
915,668.0
916,380.0
917,444.0
918,380.0
919,316.0
920,348.0
921,444.0
922,412.0
923,380.0
924,636.0
925,348.0
926,444.0
927,284.0
928,316.0
929,316.0
930,284.0
931,892.0
932,700.0
933,444.0
934,316.0
935,476.0
936,284.0
937,540.0
938,1532.0
939,412.0
940,316.0
941,380.0
942,348.0
943,316.0
944,380.0
945,284.0
946,380.0
947,700.0
948,316.0
949,1244.0
950,860.0
951,316.0
952,444.0
953,540.0
954,380.0
955,380.0
956,1084.0
957,476.0
958,476.0
959,572.0
960,316.0
961,540.0
962,348.0
963,316.0
964,348.0
965,540.0
966,476.0
967,380.0
968,412.0
969,540.0
970,284.0
971,380.0
972,476.0
973,988.0
974,668.0
975,348.0
976,348.0
977,476.0
978,380.0
979,572.0
980,380.0
981,572.0
982,476.0
983,476.0
984,508.0
985,380.0
986,476.0
987,540.0
988,348.0
989,316.0
990,444.0
991,380.0
992,540.0
993,540.0
994,476.0
995,444.0
996,380.0
997,380.0
998,636.0
999,476.0
1000,348.0
1001,412.0
1002,284.0
1003,444.0
1004,284.0
1005,444.0
1006,476.0
1007,412.0
1008,444.0
1009,604.0
1010,316.0
1011,380.0
1012,540.0
1013,348.0
1014,732.0
1015,860.0
1016,284.0
1017,444.0
1018,380.0
1019,412.0
1020,700.0
1021,380.0
1022,380.0
1023,412.0
1024,476.0
1025,444.0
1026,284.0
1027,284.0
1028,476.0
1029,348.0
1030,476.0
1031,380.0
1032,284.0
1033,1212.0
1034,1020.0
1035,476.0
1036,444.0
1037,316.0
1038,540.0
1039,316.0
1040,1308.0
1041,540.0
1042,572.0
1043,444.0
1044,348.0
1045,380.0
1046,380.0
1047,412.0
1048,380.0
1049,572.0
1050,380.0
1051,572.0
1052,348.0
1053,284.0
1054,540.0
1055,348.0
1056,636.0
1057,444.0
1058,380.0
1059,572.0
1060,348.0
1061,412.0
1062,956.0
1063,476.0
1064,284.0
1065,380.0
1066,444.0
1067,348.0
1068,316.0
1069,572.0
1070,476.0
1071,508.0
1072,380.0
1073,348.0
1074,380.0
1075,348.0
1076,348.0
1077,572.0
1078,348.0
1079,412.0
1080,412.0
1081,380.0
1082,348.0
1083,444.0
1084,284.0
1085,284.0
1086,284.0
1087,380.0
1088,380.0
1089,380.0
1090,348.0
1091,476.0
1092,508.0
1093,380.0
1094,284.0
1095,412.0
1096,732.0
1097,412.0
1098,412.0
1099,444.0
1100,316.0
1101,508.0
1102,380.0
1103,476.0
1104,284.0
1105,572.0
1106,284.0
1107,636.0
1108,476.0
1109,348.0
1110,284.0
1111,508.0
1112,348.0
1113,508.0
1114,412.0
1115,284.0
1116,476.0
1117,412.0
1118,380.0
1119,348.0
1120,476.0
1121,284.0
1122,316.0
1123,380.0
1124,540.0
1125,700.0
1126,508.0
1127,1084.0
1128,412.0
1129,284.0
1130,508.0
1131,444.0
1132,348.0
1133,380.0
1134,284.0
1135,1372.0
1136,380.0
1137,540.0
1138,284.0
1139,508.0
1140,668.0
1141,2100.0
1142,476.0
1143,284.0
1144,348.0
1145,412.0
1146,444.0
1147,380.0
1148,348.0
1149,476.0
1150,732.0
1151,284.0
1152,284.0
1153,316.0
1154,412.0
1155,348.0
1156,348.0
1157,348.0
1158,284.0
1159,284.0
1160,316.0
1161,444.0
1162,316.0
1163,540.0
1164,412.0
1165,412.0
1166,380.0
1167,348.0
1168,284.0
1169,284.0
1170,572.0
1171,508.0
1172,412.0
1173,476.0
1174,476.0
1175,604.0
1176,284.0
1177,668.0
1178,572.0
1179,316.0
1180,348.0
1181,700.0
1182,348.0
1183,476.0
1184,380.0
1185,476.0
1186,476.0
1187,380.0
1188,444.0
1189,284.0
1190,636.0
1191,540.0
1192,540.0
1193,316.0
1194,348.0
1195,380.0
1196,380.0
1197,380.0
1198,284.0
1199,348.0
1200,380.0
1201,476.0
1202,284.0
1203,380.0
1204,348.0
1205,476.0
1206,444.0
1207,348.0
1208,508.0
1209,380.0
1210,796.0
1211,732.0
1212,284.0
1213,380.0
1214,476.0
1215,380.0
1216,348.0
1217,1180.0
1218,476.0
1219,572.0
1220,316.0
1221,444.0
1222,316.0
1223,636.0
1224,284.0
1225,572.0
1226,348.0
1227,348.0
1228,412.0
1229,444.0
1230,316.0
1231,412.0
1232,380.0
1233,380.0
1234,540.0
1235,380.0
1236,316.0
1237,412.0
1238,348.0
1239,636.0
1240,444.0
1241,764.0
1242,764.0
1243,348.0
1244,380.0
1245,348.0
1246,1020.0
1247,412.0
1248,380.0
1249,284.0
1250,572.0
1251,284.0
1252,636.0
1253,348.0
1254,572.0
1255,284.0
1256,412.0
1257,444.0
1258,476.0
1259,380.0
1260,284.0
1261,380.0
1262,348.0
1263,284.0
1264,892.0
1265,796.0
1266,732.0
1267,284.0
1268,380.0
1269,444.0
1270,348.0
1271,508.0
1272,284.0
1273,284.0
1274,636.0
1275,348.0
1276,284.0
1277,380.0
1278,348.0
1279,572.0
1280,380.0
1281,348.0
1282,380.0
1283,508.0
1284,380.0
1285,284.0
1286,380.0
1287,380.0
1288,348.0
1289,284.0
1290,284.0
1291,348.0
1292,380.0
1293,572.0
1294,764.0
1295,476.0
1296,284.0
1297,284.0
1298,444.0
1299,476.0
1300,284.0
1301,348.0
1302,412.0
1303,284.0
1304,348.0
1305,668.0
1306,796.0
1307,412.0
1308,284.0
1309,540.0
1310,380.0
1311,348.0
1312,380.0
1313,316.0
1314,316.0
1315,412.0
1316,412.0
1317,284.0
1318,412.0
1319,796.0
1320,380.0
1321,284.0
1322,380.0
1323,284.0
1324,444.0
1325,316.0
1326,380.0
1327,284.0
1328,412.0
1329,284.0
1330,476.0
1331,380.0
1332,476.0
1333,380.0
1334,444.0
1335,380.0
1336,732.0
1337,444.0
1338,348.0
1339,380.0
1340,348.0
1341,348.0
1342,348.0
1343,540.0
1344,284.0
1345,380.0
1346,284.0
1347,348.0
1348,380.0
1349,540.0
1350,476.0
1351,348.0
1352,284.0
1353,892.0
1354,412.0
1355,348.0
1356,348.0
1357,284.0
1358,380.0
1359,604.0
1360,284.0
1361,284.0
1362,380.0
1363,316.0
1364,572.0
1365,316.0
1366,284.0
1367,380.0
1368,348.0
1369,284.0
1370,284.0
1371,380.0
1372,284.0
1373,316.0
1374,540.0
1375,572.0
1376,444.0
1377,412.0
1378,508.0
1379,316.0
1380,316.0
1381,476.0
1382,348.0
1383,444.0
1384,316.0
1385,380.0
1386,636.0
1387,636.0
1388,380.0
1389,508.0
1390,444.0
1391,508.0
1392,380.0
1393,284.0
1394,476.0
1395,380.0
1396,316.0
1397,700.0
1398,476.0
1399,668.0
1400,284.0
1401,476.0
1402,444.0
1403,380.0
1404,380.0
1405,380.0
1406,444.0
1407,508.0
1408,380.0
1409,476.0
1410,284.0
1411,380.0
1412,572.0
1413,284.0
1414,380.0
1415,380.0
1416,316.0
1417,508.0
1418,284.0
1419,380.0
1420,476.0
1421,444.0
1422,476.0
1423,348.0
1424,380.0
1425,380.0
1426,764.0
1427,380.0
1428,284.0
1429,284.0
1430,284.0
1431,412.0
1432,572.0
1433,380.0
1434,412.0
1435,284.0
1436,380.0
1437,476.0
1438,476.0
1439,284.0
1440,316.0
1441,476.0
1442,284.0
1443,284.0
1444,572.0
1445,508.0
1446,284.0
1447,476.0
1448,572.0
1449,380.0
1450,700.0
1451,476.0
1452,284.0
1453,316.0
1454,348.0
1455,444.0
1456,348.0
1457,476.0
1458,412.0
1459,700.0
1460,380.0
1461,316.0
1462,284.0
1463,476.0
1464,700.0
1465,380.0
1466,476.0
1467,444.0
1468,444.0
1469,380.0
1470,796.0
1471,636.0
1472,412.0
1473,444.0
1474,412.0
1475,284.0
1476,540.0
1477,380.0
1478,348.0
1479,412.0
1480,476.0
1481,316.0
1482,476.0
1483,476.0
1484,444.0
1485,284.0
1486,476.0
1487,348.0
1488,284.0
1489,348.0
1490,380.0
1491,508.0
1492,668.0
1493,284.0
1494,284.0
1495,444.0
1496,380.0
1497,572.0
1498,284.0
1499,476.0
1500,284.0
1501,444.0
1502,476.0
1503,508.0
1504,348.0
1505,444.0
1506,348.0
1507,348.0
1508,316.0
1509,348.0
1510,700.0
1511,476.0
1512,444.0
1513,604.0
1514,476.0
1515,476.0
1516,700.0
1517,572.0
1518,316.0
1519,348.0
1520,284.0
1521,284.0
1522,668.0
1523,380.0
1524,444.0
1525,412.0
1526,380.0
1527,476.0
1528,348.0
1529,508.0
1530,412.0
1531,476.0
1532,380.0
1533,380.0
1534,508.0
1535,284.0
1536,284.0
1537,284.0
1538,284.0
1539,316.0
1540,348.0
1541,284.0
1542,316.0
1543,284.0
1544,444.0
1545,348.0
1546,348.0
1547,380.0
1548,444.0
1549,764.0
1550,380.0
1551,284.0
1552,380.0
1553,380.0
1554,604.0
1555,316.0
1556,284.0
1557,348.0
1558,348.0
1559,284.0
1560,348.0
1561,380.0
1562,572.0
1563,348.0
1564,380.0
1565,476.0
1566,476.0
1567,284.0
1568,444.0
1569,380.0
1570,476.0
1571,444.0
1572,476.0
1573,540.0
1574,284.0
1575,284.0
1576,380.0
1577,476.0
1578,348.0
1579,796.0
1580,476.0
1581,412.0
1582,380.0
1583,476.0
1584,348.0
1585,284.0
1586,348.0
1587,412.0
1588,572.0
1589,572.0
1590,380.0
1591,284.0
1592,380.0
1593,572.0
1594,380.0
1595,380.0
1596,380.0
1597,284.0
1598,380.0
1599,284.0
1600,348.0
1601,444.0
1602,476.0
1603,348.0
1604,380.0
1605,380.0
1606,380.0
1607,444.0
1608,476.0
1609,636.0
1610,380.0
1611,476.0
1612,284.0
1613,380.0
1614,668.0
1615,380.0
1616,476.0
1617,508.0
1618,444.0
1619,476.0
1620,444.0
1621,444.0
1622,572.0
1623,700.0
1624,380.0
1625,572.0
1626,316.0
1627,380.0
1628,348.0
1629,476.0
1630,412.0
1631,316.0
1632,284.0
1633,284.0
1634,860.0
1635,284.0
1636,572.0
1637,380.0
1638,508.0
1639,380.0
1640,476.0
1641,444.0
1642,284.0
1643,284.0
1644,284.0
1645,380.0
1646,508.0
1647,284.0
1648,572.0
1649,380.0
1650,284.0
1651,284.0
1652,284.0
1653,284.0
1654,284.0
1655,476.0
1656,476.0
1657,316.0
1658,572.0
1659,668.0
1660,284.0
1661,284.0
1662,348.0
1663,540.0
1664,412.0
1665,412.0
1666,284.0
1667,284.0
1668,348.0
1669,380.0
1670,380.0
1671,412.0
1672,380.0
1673,348.0
1674,380.0
1675,284.0
1676,380.0
1677,316.0
1678,284.0
1679,444.0
1680,284.0
1681,508.0
1682,572.0
1683,284.0
1684,636.0
1685,572.0
1686,476.0
1687,444.0
1688,380.0
1689,284.0
1690,572.0
1691,348.0
1692,604.0
1693,380.0
1694,476.0
1695,284.0
1696,348.0
1697,348.0
1698,316.0
1699,860.0
1700,572.0
1701,412.0
1702,284.0
1703,284.0
1704,348.0
1705,284.0
1706,316.0
1707,380.0
1708,284.0
1709,348.0
1710,284.0
1711,284.0
1712,764.0
1713,284.0
1714,284.0
1715,508.0
1716,668.0
1717,572.0
1718,316.0
1719,476.0
1720,732.0
1721,284.0
1722,444.0
1723,284.0
1724,284.0
1725,508.0
1726,316.0
1727,316.0
1728,380.0
1729,380.0
1730,444.0
1731,412.0
1732,316.0
1733,284.0
1734,572.0
1735,380.0
1736,284.0
1737,476.0
1738,348.0
1739,380.0
1740,444.0
1741,476.0
1742,412.0
1743,284.0
1744,380.0
1745,380.0
1746,284.0
1747,284.0
1748,540.0
1749,476.0
1750,700.0
1751,380.0
1752,476.0
1753,540.0
1754,476.0
1755,540.0
1756,348.0
1757,476.0
1758,284.0
1759,380.0
1760,508.0
1761,284.0
1762,540.0
1763,380.0
1764,284.0
1765,284.0
1766,284.0
1767,508.0
1768,572.0
1769,572.0
1770,476.0
1771,316.0
1772,380.0
1773,444.0
1774,284.0
1775,380.0
1776,380.0
1777,540.0
1778,380.0
1779,476.0
1780,284.0
1781,412.0
1782,380.0
1783,284.0
1784,380.0
1785,380.0
1786,348.0
1787,380.0
1788,380.0
1789,572.0
1790,668.0
1791,508.0
1792,284.0
1793,348.0
1794,540.0
1795,476.0
1796,284.0
1797,508.0
1798,380.0
1799,444.0
1800,412.0
1801,412.0
1802,284.0
1803,476.0
1804,412.0
1805,476.0
1806,668.0
1807,540.0
1808,476.0
1809,444.0
1810,348.0
1811,380.0
1812,476.0
1813,348.0
1814,380.0
1815,412.0
1816,316.0
1817,540.0
1818,380.0
1819,284.0
1820,348.0
1821,348.0
1822,476.0
1823,348.0
1824,348.0
1825,476.0
1826,284.0
1827,636.0
1828,412.0
1829,284.0
1830,284.0
1831,380.0
1832,380.0
1833,476.0
1834,284.0
1835,284.0
1836,444.0
1837,316.0
1838,764.0
1839,572.0
1840,284.0
1841,348.0
1842,476.0
1843,284.0
1844,860.0
1845,284.0
1846,284.0
1847,348.0
1848,508.0
1849,284.0
1850,380.0
1851,348.0
1852,476.0
1853,476.0
1854,380.0
1855,572.0
1856,476.0
1857,380.0
1858,380.0
1859,284.0
1860,380.0
1861,348.0
1862,380.0
1863,284.0
1864,380.0
1865,476.0
1866,476.0
1867,348.0
1868,284.0
1869,284.0
1870,700.0
1871,508.0
1872,380.0
1873,348.0
1874,444.0
1875,796.0
1876,284.0
1877,444.0
1878,380.0
1879,380.0
1880,380.0
1881,444.0
1882,348.0
1883,572.0
1884,284.0
1885,348.0
1886,380.0
1887,380.0
1888,284.0
1889,444.0
1890,380.0
1891,348.0
1892,476.0
1893,380.0
1894,348.0
1895,476.0
1896,316.0
1897,636.0
1898,476.0
1899,476.0
1900,348.0
1901,380.0
1902,380.0
1903,348.0
1904,284.0
1905,476.0
1906,348.0
1907,284.0
1908,444.0
1909,316.0
1910,380.0
1911,476.0
1912,380.0
1913,572.0
1914,284.0
1915,412.0
1916,284.0
1917,380.0
1918,348.0
1919,380.0
1920,476.0
1921,284.0
1922,316.0
1923,508.0
1924,348.0
1925,444.0
1926,476.0
1927,476.0
1928,476.0
1929,284.0
1930,476.0
1931,284.0
1932,476.0
1933,316.0
1934,572.0
1935,892.0
1936,284.0
1937,284.0
1938,444.0
1939,476.0
1940,284.0
1941,348.0
1942,380.0
1943,476.0
1944,508.0
1945,380.0
1946,508.0
1947,572.0
1948,380.0
1949,284.0
1950,348.0
1951,412.0
1952,476.0
1953,508.0
1954,284.0
1955,380.0
1956,604.0
1957,284.0
1958,284.0
1959,412.0
1960,380.0
1961,284.0
1962,380.0
1963,316.0
1964,412.0
1965,284.0
1966,284.0
1967,604.0
1968,380.0
1969,348.0
1970,380.0
1971,380.0
1972,284.0
1973,412.0
1974,444.0
1975,380.0
1976,284.0
1977,380.0
1978,284.0
1979,284.0
1980,444.0
1981,380.0
1982,380.0
1983,380.0
1984,636.0
1985,380.0
1986,380.0
1987,444.0
1988,316.0
1989,284.0
1990,444.0
1991,380.0
1992,604.0
1993,380.0
1994,380.0
1995,284.0
1996,668.0
1997,284.0
1998,284.0
1999,380.0
2000,380.0
2001,572.0
2002,508.0
2003,444.0
2004,284.0
2005,284.0
2006,476.0
2007,380.0
2008,284.0
2009,284.0
2010,476.0
2011,284.0
2012,412.0
2013,284.0
2014,412.0
2015,316.0
2016,380.0
2017,444.0
2018,284.0
2019,348.0
2020,380.0
2021,444.0
2022,444.0
2023,508.0
2024,284.0
2025,412.0
2026,540.0
2027,316.0
2028,444.0
2029,476.0
2030,284.0
2031,476.0
2032,284.0
2033,380.0
2034,476.0
2035,380.0
2036,380.0
2037,380.0
2038,412.0
2039,284.0
2040,732.0
2041,444.0
2042,348.0
2043,412.0
2044,284.0
2045,380.0
2046,284.0
2047,284.0
2048,316.0
2049,348.0
2050,348.0
2051,412.0
2052,380.0
2053,284.0
2054,412.0
2055,284.0
2056,380.0
2057,316.0
2058,476.0
2059,412.0
2060,380.0
2061,284.0
2062,508.0
2063,348.0
2064,444.0
2065,284.0
2066,476.0
2067,284.0
2068,284.0
2069,412.0
2070,508.0
2071,284.0
2072,380.0
2073,476.0
2074,348.0
2075,284.0
2076,284.0
2077,348.0
2078,668.0
2079,284.0
2080,476.0
2081,380.0
2082,380.0
2083,348.0
2084,604.0
2085,380.0
2086,284.0
2087,380.0
2088,284.0
2089,380.0
2090,380.0
2091,380.0
2092,668.0
2093,284.0
2094,284.0
2095,380.0
2096,412.0
2097,540.0
2098,284.0
2099,284.0
2100,348.0
2101,284.0
2102,284.0
2103,284.0
2104,476.0
2105,284.0
2106,348.0
2107,284.0
2108,444.0
2109,476.0
2110,380.0
2111,348.0
2112,636.0
2113,412.0
2114,540.0
2115,284.0
2116,284.0
2117,284.0
2118,348.0
2119,380.0
2120,316.0
2121,380.0
2122,284.0
2123,444.0
2124,380.0
2125,476.0
2126,348.0
2127,476.0
2128,380.0
2129,476.0
2130,284.0
2131,348.0
2132,572.0
2133,316.0
2134,572.0
2135,316.0
2136,380.0
2137,412.0
2138,380.0
2139,508.0
2140,380.0
2141,380.0
2142,284.0
2143,380.0
2144,508.0
2145,284.0
2146,284.0
2147,316.0
2148,348.0
2149,380.0
2150,284.0
2151,508.0
2152,284.0
2153,412.0
2154,508.0
2155,284.0
2156,380.0
2157,508.0
2158,540.0
2159,476.0
2160,476.0
2161,284.0
2162,444.0
2163,348.0
2164,284.0
2165,284.0
2166,380.0
2167,380.0
2168,380.0
2169,380.0
2170,284.0
2171,284.0
2172,316.0
2173,284.0
2174,732.0
2175,380.0
2176,380.0
2177,284.0
2178,412.0
2179,380.0
2180,284.0
2181,380.0
2182,284.0
2183,316.0
2184,316.0
2185,316.0
2186,412.0
2187,572.0
2188,476.0
2189,284.0
2190,380.0
2191,476.0
2192,380.0
2193,412.0
2194,380.0
2195,380.0
2196,348.0
2197,348.0
2198,412.0
2199,380.0
2200,476.0
2201,380.0
2202,508.0
2203,412.0
2204,380.0
2205,284.0
2206,476.0
2207,284.0
2208,380.0
2209,380.0
2210,380.0
2211,284.0
2212,284.0
2213,348.0
2214,284.0
2215,284.0
2216,380.0
2217,380.0
2218,284.0
2219,476.0
2220,476.0
2221,284.0
2222,316.0
2223,284.0
2224,380.0
2225,380.0
2226,636.0
2227,380.0
2228,380.0
2229,380.0
2230,380.0
2231,284.0
2232,412.0
2233,316.0
2234,284.0
2235,284.0
2236,572.0
2237,476.0
2238,284.0
2239,316.0
2240,284.0
2241,284.0
2242,604.0
2243,316.0
2244,412.0
2245,700.0
2246,604.0
2247,348.0
2248,284.0
2249,380.0
2250,348.0
2251,284.0
2252,380.0
2253,284.0
2254,380.0
2255,284.0
2256,284.0
2257,380.0
2258,412.0
2259,476.0
2260,284.0
2261,284.0
2262,380.0
2263,380.0
2264,316.0
2265,348.0
2266,476.0
2267,284.0
2268,284.0
2269,380.0
2270,348.0
2271,348.0
2272,380.0
2273,284.0
2274,444.0
2275,380.0
2276,316.0
2277,284.0
2278,380.0
2279,444.0
2280,316.0
2281,476.0
2282,284.0
2283,412.0
2284,828.0
2285,444.0
2286,380.0
2287,380.0
2288,380.0
2289,380.0
2290,412.0
2291,508.0
2292,284.0
2293,380.0
2294,316.0
2295,380.0
2296,284.0
2297,284.0
2298,284.0
2299,380.0
2300,284.0
2301,412.0
2302,348.0
2303,380.0
2304,476.0
2305,476.0
2306,284.0
2307,284.0
2308,380.0
2309,284.0
2310,412.0
2311,412.0
2312,284.0
2313,284.0
2314,316.0
2315,380.0
2316,380.0
2317,284.0
2318,380.0
2319,284.0
2320,380.0
2321,284.0
2322,284.0
2323,476.0
2324,444.0
2325,700.0
2326,380.0
2327,476.0
2328,284.0
2329,380.0
2330,476.0
2331,284.0
2332,540.0
2333,284.0
2334,380.0
2335,380.0
2336,284.0
2337,284.0
2338,412.0
2339,412.0
2340,284.0
2341,380.0
2342,380.0
2343,444.0
2344,380.0
2345,284.0
2346,284.0
2347,284.0
2348,444.0
2349,284.0
2350,796.0
2351,380.0
2352,284.0
2353,284.0
2354,284.0
2355,348.0
2356,412.0
2357,284.0
2358,380.0
2359,476.0
2360,284.0
2361,380.0
2362,476.0
2363,476.0
2364,284.0
2365,284.0
2366,572.0
2367,796.0
2368,348.0
2369,284.0
2370,444.0
2371,284.0
2372,348.0
2373,284.0
2374,476.0
2375,284.0
2376,380.0
2377,604.0
2378,284.0
2379,380.0
2380,284.0
2381,412.0
2382,444.0
2383,284.0
2384,284.0
2385,412.0
2386,380.0
2387,284.0
2388,380.0
2389,476.0
2390,284.0
2391,380.0
2392,380.0
2393,316.0
2394,284.0
2395,284.0
2396,380.0
2397,476.0
2398,284.0
2399,380.0
2400,284.0
2401,284.0
2402,476.0
2403,284.0
2404,380.0
2405,380.0
2406,316.0
2407,508.0
2408,284.0
2409,316.0
2410,380.0
2411,284.0
2412,540.0
2413,348.0
2414,476.0
2415,284.0
2416,284.0
2417,284.0
2418,380.0
2419,316.0
2420,380.0
2421,444.0
2422,668.0
2423,348.0
2424,412.0
2425,380.0
2426,476.0
2427,412.0
2428,284.0
2429,380.0
2430,380.0
2431,380.0
2432,284.0
2433,284.0
2434,476.0
2435,380.0
2436,284.0
2437,380.0
2438,412.0
2439,476.0
2440,284.0
2441,284.0
2442,668.0
2443,284.0
2444,284.0
2445,380.0
2446,348.0
2447,412.0
2448,380.0
2449,284.0
2450,476.0
2451,284.0
2452,380.0
2453,284.0
2454,380.0
2455,380.0
2456,380.0
2457,380.0
2458,348.0
2459,284.0
2460,284.0
2461,508.0
2462,380.0
2463,380.0
2464,476.0
2465,284.0
2466,284.0
2467,380.0
2468,284.0
2469,284.0
2470,348.0
2471,284.0
2472,284.0
2473,284.0
2474,380.0
2475,380.0
2476,380.0
2477,284.0
2478,284.0
2479,284.0
2480,444.0
2481,284.0
2482,508.0
2483,284.0
2484,348.0
2485,476.0
2486,412.0
2487,284.0
2488,380.0
2489,284.0
2490,284.0
2491,380.0
2492,284.0
2493,412.0
2494,380.0
2495,284.0
2496,412.0
2497,284.0
2498,284.0
2499,284.0
2500,284.0
2501,412.0
2502,284.0
2503,476.0
2504,316.0
2505,284.0
2506,476.0
2507,380.0
2508,380.0
2509,284.0
2510,284.0
2511,284.0
2512,284.0
2513,380.0
2514,476.0
2515,572.0
2516,380.0
2517,284.0
2518,380.0
2519,284.0
2520,284.0
2521,284.0
2522,348.0
2523,284.0
2524,476.0
2525,444.0
2526,284.0
2527,284.0
2528,380.0
2529,476.0
2530,284.0
2531,284.0
2532,380.0
2533,284.0
2534,380.0
2535,284.0
2536,380.0
2537,284.0
2538,284.0
2539,284.0
2540,284.0
2541,284.0
2542,476.0
2543,284.0
2544,380.0
2545,604.0
2546,380.0
2547,284.0
2548,380.0
2549,284.0
2550,668.0
2551,380.0
2552,380.0
2553,380.0
2554,284.0
2555,476.0
2556,412.0
2557,476.0
2558,508.0
2559,284.0
2560,380.0
2561,476.0
2562,284.0
2563,284.0
2564,476.0
2565,284.0
2566,284.0
2567,284.0
2568,284.0
2569,476.0
2570,604.0
2571,284.0
2572,412.0
2573,476.0
2574,284.0
2575,284.0
2576,380.0
2577,348.0
2578,284.0
2579,380.0
2580,348.0
2581,444.0
2582,348.0
2583,284.0
2584,412.0
2585,284.0
2586,284.0
2587,348.0
2588,380.0
2589,380.0
2590,284.0
2591,284.0
2592,348.0
2593,476.0
2594,284.0
2595,348.0
2596,284.0
2597,284.0
2598,284.0
2599,476.0
2600,284.0
2601,380.0
2602,476.0
2603,284.0
2604,380.0
2605,284.0
2606,284.0
2607,284.0
2608,284.0
2609,348.0
2610,316.0
2611,284.0
2612,284.0
2613,284.0
2614,284.0
2615,348.0
2616,348.0
2617,380.0
2618,476.0
2619,284.0
2620,284.0
2621,284.0
2622,380.0
2623,380.0
2624,284.0
2625,284.0
2626,380.0
2627,380.0
2628,380.0
2629,380.0
2630,380.0
2631,380.0
2632,284.0
2633,284.0
2634,284.0
2635,380.0
2636,444.0
2637,380.0
2638,284.0
2639,380.0
2640,284.0
2641,380.0
2642,316.0
2643,284.0
2644,380.0
2645,380.0
2646,284.0
2647,284.0
2648,284.0
2649,380.0
2650,476.0
2651,284.0
2652,284.0
2653,380.0
2654,476.0
2655,284.0
2656,284.0
2657,284.0
2658,380.0
2659,284.0
2660,348.0
2661,284.0
2662,284.0
2663,284.0
2664,476.0
2665,284.0
2666,284.0
2667,284.0
2668,284.0
2669,284.0
2670,380.0
2671,284.0
2672,476.0
2673,284.0
2674,284.0
2675,476.0
2676,380.0
2677,284.0
2678,284.0
2679,284.0
2680,412.0
2681,380.0
2682,284.0
2683,380.0
2684,284.0
2685,284.0
2686,284.0
2687,540.0
2688,284.0
2689,348.0
2690,476.0
2691,284.0
2692,348.0
2693,284.0
2694,380.0
2695,412.0
2696,380.0
2697,380.0
2698,284.0
2699,348.0
2700,380.0
2701,284.0
2702,284.0
2703,284.0
2704,284.0
2705,284.0
2706,284.0
2707,412.0
2708,284.0
2709,284.0
2710,284.0
2711,284.0
2712,476.0
2713,380.0
2714,476.0
2715,284.0
2716,284.0
2717,380.0
2718,668.0
2719,284.0
2720,284.0
2721,284.0
2722,380.0
2723,284.0
2724,284.0
2725,284.0
2726,284.0
2727,284.0
2728,284.0
2729,380.0
2730,284.0
2731,380.0
2732,380.0
2733,380.0
2734,284.0
2735,284.0
2736,476.0
2737,284.0
2738,284.0
2739,284.0
2740,380.0
2741,380.0
2742,380.0
2743,476.0
2744,284.0
2745,444.0
2746,284.0
2747,380.0
2748,284.0
2749,476.0
2750,380.0
2751,284.0
2752,412.0
2753,380.0
2754,476.0
2755,380.0
2756,316.0
2757,284.0
2758,348.0
2759,348.0
2760,284.0
2761,380.0
2762,380.0
2763,284.0
2764,380.0
2765,476.0
2766,284.0
2767,284.0
2768,284.0
2769,284.0
2770,476.0
2771,380.0
2772,380.0
2773,476.0
2774,284.0
2775,284.0
2776,284.0
2777,476.0
2778,380.0
2779,412.0
2780,284.0
2781,284.0
2782,284.0
2783,284.0
2784,284.0
2785,284.0
2786,380.0
2787,284.0
2788,380.0
2789,380.0
2790,476.0
2791,380.0
2792,284.0
2793,508.0
2794,412.0
2795,284.0
2796,380.0
2797,284.0
2798,380.0
2799,380.0
2800,572.0
2801,380.0
2802,316.0
2803,380.0
2804,284.0
2805,284.0
2806,284.0
2807,284.0
2808,348.0
2809,380.0
2810,284.0
2811,316.0
2812,284.0
2813,476.0
2814,284.0
2815,284.0
2816,380.0
2817,476.0
2818,444.0
2819,380.0
2820,380.0
2821,380.0
2822,284.0
2823,284.0
2824,380.0
2825,412.0
2826,380.0
2827,380.0
2828,284.0
2829,284.0
2830,380.0
2831,284.0
2832,380.0
2833,284.0
2834,476.0
2835,476.0
2836,284.0
2837,412.0
2838,284.0
2839,380.0
2840,284.0
2841,284.0
2842,284.0
2843,284.0
2844,380.0
2845,284.0
2846,284.0
2847,284.0
2848,284.0
2849,284.0
2850,284.0
2851,476.0
2852,380.0
2853,284.0
2854,284.0
2855,284.0
2856,380.0
2857,284.0
2858,284.0
2859,284.0
2860,284.0
2861,476.0
2862,380.0
2863,284.0
2864,284.0
2865,476.0
2866,380.0
2867,380.0
2868,572.0
2869,284.0
2870,284.0
2871,284.0
2872,476.0
2873,380.0
2874,284.0
2875,284.0
2876,284.0
2877,380.0
2878,316.0
2879,284.0
2880,284.0
2881,476.0
2882,284.0
2883,284.0
2884,380.0
2885,284.0
2886,284.0
2887,380.0
2888,284.0
2889,380.0
2890,380.0
2891,284.0
2892,380.0
2893,284.0
2894,284.0
2895,284.0
2896,284.0
2897,284.0
2898,284.0
2899,380.0
2900,284.0
2901,284.0
2902,380.0
2903,284.0
2904,380.0
2905,380.0
2906,284.0
2907,412.0
2908,380.0
2909,380.0
2910,412.0
2911,476.0
2912,284.0
2913,380.0
2914,284.0
2915,284.0
2916,284.0
2917,284.0
2918,412.0
2919,284.0
2920,284.0
2921,412.0
2922,508.0
2923,412.0
2924,284.0
2925,284.0
2926,284.0
2927,476.0
2928,348.0
2929,476.0
2930,476.0
2931,284.0
2932,284.0
2933,412.0
2934,284.0
2935,476.0
2936,284.0
2937,284.0
2938,444.0
2939,476.0
2940,380.0
2941,380.0
2942,284.0
2943,284.0
2944,380.0
2945,284.0
2946,284.0
2947,444.0
2948,380.0
2949,284.0
2950,348.0
2951,412.0
2952,284.0
2953,284.0
2954,316.0
2955,284.0
2956,284.0
2957,380.0
2958,284.0
2959,284.0
2960,284.0
2961,380.0
2962,284.0
2963,668.0
2964,284.0
2965,444.0
2966,284.0
2967,284.0
2968,284.0
2969,444.0
2970,412.0
2971,476.0
2972,476.0
2973,284.0
2974,284.0
2975,348.0
2976,476.0
2977,284.0
2978,316.0
2979,284.0
2980,284.0
2981,284.0
2982,284.0
2983,380.0
2984,284.0
2985,444.0
2986,476.0
2987,476.0
2988,476.0
2989,284.0
2990,284.0
2991,284.0
2992,284.0
2993,348.0
2994,284.0
2995,476.0
2996,284.0
2997,540.0
2998,380.0
2999,284.0
3000,284.0
3001,284.0
3002,284.0
3003,284.0
3004,284.0
3005,476.0
3006,284.0
3007,284.0
3008,380.0
3009,284.0
3010,284.0
3011,284.0
3012,284.0
3013,444.0
3014,284.0
3015,284.0
3016,284.0
3017,572.0
3018,284.0
3019,348.0
3020,284.0
3021,380.0
3022,284.0
3023,348.0
3024,284.0
3025,284.0
3026,476.0
3027,284.0
3028,284.0
3029,380.0
3030,284.0
3031,380.0
3032,380.0
3033,380.0
3034,380.0
3035,380.0
3036,284.0
3037,284.0
3038,284.0
3039,284.0
3040,284.0
3041,284.0
3042,284.0
3043,380.0
3044,284.0
3045,380.0
3046,284.0
3047,380.0
3048,412.0
3049,284.0
3050,380.0
3051,572.0
3052,284.0
3053,476.0
3054,412.0
3055,284.0
3056,284.0
3057,444.0
3058,284.0
3059,604.0
3060,284.0
3061,380.0
3062,380.0
3063,284.0
3064,348.0
3065,284.0
3066,284.0
3067,284.0
3068,412.0
3069,284.0
3070,348.0
3071,348.0
3072,316.0
3073,284.0
3074,284.0
3075,476.0
3076,284.0
3077,572.0
3078,380.0
3079,284.0
3080,476.0
3081,284.0
3082,284.0
3083,284.0
3084,444.0
3085,380.0
3086,380.0
3087,412.0
3088,412.0
3089,284.0
3090,284.0
3091,444.0
3092,412.0
3093,476.0
3094,284.0
3095,284.0
3096,380.0
3097,284.0
3098,348.0
3099,284.0
3100,284.0
3101,380.0
3102,284.0
3103,284.0
3104,668.0
3105,380.0
3106,284.0
3107,284.0
3108,284.0
3109,412.0
3110,380.0
3111,284.0
3112,444.0
3113,380.0
3114,348.0
3115,284.0
3116,412.0
3117,380.0
3118,476.0
3119,412.0
3120,284.0
3121,284.0
3122,284.0
3123,476.0
3124,284.0
3125,412.0
3126,284.0
3127,284.0
3128,348.0
3129,284.0
3130,380.0
3131,284.0
3132,284.0
3133,380.0
3134,348.0
3135,284.0
3136,284.0
3137,380.0
3138,380.0
3139,380.0
3140,348.0
3141,284.0
3142,284.0
3143,380.0
3144,380.0
3145,284.0
3146,284.0
3147,476.0
3148,412.0
3149,284.0
3150,380.0
3151,284.0
3152,284.0
3153,284.0
3154,284.0
3155,540.0
3156,476.0
3157,380.0
3158,380.0
3159,284.0
3160,284.0
3161,284.0
3162,380.0
3163,380.0
3164,284.0
3165,380.0
3166,572.0
3167,476.0
3168,348.0
3169,572.0
3170,380.0
3171,604.0
3172,380.0
3173,284.0
3174,476.0
3175,284.0
3176,284.0
3177,284.0
3178,380.0
3179,284.0
3180,284.0
3181,380.0
3182,284.0
3183,284.0
3184,284.0
3185,284.0
3186,380.0
3187,284.0
3188,380.0
3189,316.0
3190,284.0
3191,444.0
3192,284.0
3193,380.0
3194,380.0
3195,284.0
3196,284.0
3197,284.0
3198,380.0
3199,284.0
3200,284.0
3201,284.0
3202,316.0
3203,284.0
3204,380.0
3205,284.0
3206,284.0
3207,380.0
3208,284.0
3209,284.0
3210,380.0
3211,284.0
3212,380.0
3213,284.0
3214,380.0
3215,284.0
3216,284.0
3217,316.0
3218,380.0
3219,284.0
3220,284.0
3221,284.0
3222,380.0
3223,284.0
3224,348.0
3225,284.0
3226,476.0
3227,284.0
3228,284.0
3229,284.0
3230,284.0
3231,284.0
3232,284.0
3233,284.0
3234,284.0
3235,476.0
3236,284.0
3237,380.0
3238,380.0
3239,284.0
3240,284.0
3241,284.0
3242,284.0
3243,284.0
3244,412.0
3245,284.0
3246,348.0
3247,284.0
3248,380.0
3249,284.0
3250,284.0
3251,380.0
3252,476.0
3253,380.0
3254,412.0
3255,380.0
3256,348.0
3257,444.0
3258,380.0
3259,380.0
3260,284.0
3261,476.0
3262,284.0
3263,412.0
3264,284.0
3265,284.0
3266,284.0
3267,284.0
3268,284.0
3269,348.0
3270,284.0
3271,316.0
3272,284.0
3273,284.0
3274,284.0
3275,284.0
3276,284.0
3277,284.0
3278,380.0
3279,316.0
3280,284.0
3281,284.0
3282,380.0
3283,284.0
3284,284.0
3285,284.0
3286,284.0
3287,284.0
3288,284.0
3289,284.0
3290,380.0
3291,380.0
3292,380.0
3293,316.0
3294,380.0
3295,284.0
3296,284.0
3297,284.0
3298,284.0
3299,284.0
3300,284.0
3301,284.0
3302,284.0
3303,476.0
3304,380.0
3305,284.0
3306,380.0
3307,476.0
3308,380.0
3309,412.0
3310,284.0
3311,284.0
3312,380.0
3313,284.0
3314,412.0
3315,284.0
3316,284.0
3317,412.0
3318,284.0
3319,284.0
3320,284.0
3321,412.0
3322,284.0
3323,380.0
3324,284.0
3325,284.0
3326,284.0
3327,348.0
3328,476.0
3329,380.0
3330,380.0
3331,380.0
3332,316.0
3333,604.0
3334,380.0
3335,380.0
3336,380.0
3337,380.0
3338,380.0
3339,284.0
3340,284.0
3341,284.0
3342,380.0
3343,348.0
3344,380.0
3345,380.0
3346,284.0
3347,540.0
3348,380.0
3349,284.0
3350,348.0
3351,476.0
3352,284.0
3353,380.0
3354,476.0
3355,284.0
3356,348.0
3357,284.0
3358,380.0
3359,284.0
3360,604.0
3361,284.0
3362,380.0
3363,380.0
3364,284.0
3365,380.0
3366,284.0
3367,284.0
3368,316.0
3369,476.0
3370,284.0
3371,284.0
3372,284.0
3373,284.0
3374,284.0
3375,284.0
3376,380.0
3377,284.0
3378,380.0
3379,348.0
3380,284.0
3381,316.0
3382,604.0
3383,412.0
3384,284.0
3385,476.0
3386,284.0
3387,284.0
3388,284.0
3389,284.0
3390,412.0
3391,284.0
3392,284.0
3393,284.0
3394,476.0
3395,284.0
3396,284.0
3397,380.0
3398,412.0
3399,444.0
3400,380.0
3401,348.0
3402,284.0
3403,284.0
3404,380.0
3405,284.0
3406,316.0
3407,380.0
3408,380.0
3409,476.0
3410,380.0
3411,380.0
3412,284.0
3413,284.0
3414,316.0
3415,284.0
3416,380.0
3417,380.0
3418,284.0
3419,380.0
3420,284.0
3421,380.0
3422,284.0
3423,284.0
3424,284.0
3425,284.0
3426,284.0
3427,284.0
3428,284.0
3429,380.0
3430,284.0
3431,284.0
3432,380.0
3433,444.0
3434,412.0
3435,348.0
3436,284.0
3437,284.0
3438,348.0
3439,284.0
3440,284.0
3441,284.0
3442,284.0
3443,284.0
3444,380.0
3445,348.0
3446,476.0
3447,284.0
3448,380.0
3449,284.0
3450,284.0
3451,284.0
3452,476.0
3453,284.0
3454,284.0
3455,284.0
3456,284.0
3457,284.0
3458,284.0
3459,284.0
3460,284.0
3461,380.0
3462,284.0
3463,284.0
3464,284.0
3465,284.0
3466,412.0
3467,380.0
3468,380.0
3469,380.0
3470,444.0
3471,476.0
3472,284.0
3473,284.0
3474,380.0
3475,380.0
3476,476.0
3477,444.0
3478,476.0
3479,476.0
3480,284.0
3481,284.0
3482,284.0
3483,284.0
3484,284.0
3485,284.0
3486,476.0
3487,284.0
3488,284.0
3489,348.0
3490,476.0
3491,284.0
3492,284.0
3493,444.0
3494,348.0
3495,284.0
3496,284.0
3497,348.0
3498,284.0
3499,284.0
3500,380.0
3501,284.0
3502,380.0
3503,348.0
3504,380.0
3505,412.0
3506,284.0
3507,284.0
3508,284.0
3509,380.0
3510,316.0
3511,476.0
3512,476.0
3513,380.0
3514,284.0
3515,284.0
3516,380.0
3517,284.0
3518,284.0
3519,348.0
3520,284.0
3521,476.0
3522,284.0
3523,380.0
3524,284.0
3525,380.0
3526,284.0
3527,284.0
3528,476.0
3529,284.0
3530,284.0
3531,284.0
3532,476.0
3533,476.0
3534,284.0
3535,380.0
3536,284.0
3537,284.0
3538,380.0
3539,348.0
3540,412.0
3541,284.0
3542,476.0
3543,284.0
3544,412.0
3545,284.0
3546,284.0
3547,380.0
3548,284.0
3549,476.0
3550,284.0
3551,476.0
3552,348.0
3553,284.0
3554,476.0
3555,284.0
3556,284.0
3557,284.0
3558,412.0
3559,476.0
3560,284.0
3561,284.0
3562,284.0
3563,284.0
3564,348.0
3565,284.0
3566,476.0
3567,284.0
3568,476.0
3569,284.0
3570,284.0
3571,348.0
3572,284.0
3573,284.0
3574,380.0
3575,284.0
3576,284.0
3577,284.0
3578,380.0
3579,380.0
3580,284.0
3581,284.0
3582,348.0
3583,476.0
3584,380.0
3585,380.0
3586,476.0
3587,284.0
3588,476.0
3589,412.0
3590,380.0
3591,284.0
3592,284.0
3593,284.0
3594,380.0
3595,284.0
3596,316.0
3597,380.0
3598,284.0
3599,348.0
3600,380.0
3601,476.0
3602,316.0
3603,380.0
3604,284.0
3605,284.0
3606,380.0
3607,444.0
3608,412.0
3609,380.0
3610,380.0
3611,284.0
3612,284.0
3613,284.0
3614,284.0
3615,284.0
3616,476.0
3617,284.0
3618,284.0
3619,284.0
3620,476.0
3621,284.0
3622,284.0
3623,348.0
3624,284.0
3625,476.0
3626,284.0
3627,412.0
3628,316.0
3629,284.0
3630,412.0
3631,412.0
3632,284.0
3633,284.0
3634,284.0
3635,380.0
3636,284.0
3637,476.0
3638,284.0
3639,476.0
3640,348.0
3641,380.0
3642,380.0
3643,380.0
3644,284.0
3645,476.0
3646,380.0
3647,476.0
3648,284.0
3649,348.0
3650,380.0
3651,444.0
3652,284.0
3653,476.0
3654,284.0
3655,412.0
3656,284.0
3657,412.0
3658,284.0
3659,380.0
3660,380.0
3661,284.0
3662,380.0
3663,476.0
3664,348.0
3665,412.0
3666,284.0
3667,476.0
3668,284.0
3669,284.0
3670,380.0
3671,380.0
3672,284.0
3673,412.0
3674,284.0
3675,348.0
3676,412.0
3677,316.0
3678,284.0
3679,284.0
3680,444.0
3681,380.0
3682,412.0
3683,284.0
3684,284.0
3685,476.0
3686,284.0
3687,380.0
3688,348.0
3689,284.0
3690,284.0
3691,380.0
3692,476.0
3693,284.0
3694,284.0
3695,284.0
3696,284.0
3697,284.0
3698,284.0
3699,284.0
3700,380.0
3701,476.0
3702,284.0
3703,668.0
3704,284.0
3705,380.0
3706,284.0
3707,348.0
3708,380.0
3709,284.0
3710,284.0
3711,316.0
3712,284.0
3713,348.0
3714,476.0
3715,284.0
3716,284.0
3717,348.0
3718,476.0
3719,476.0
3720,348.0
3721,284.0
3722,380.0
3723,284.0
3724,284.0
3725,284.0
3726,284.0
3727,284.0
3728,380.0
3729,412.0
3730,444.0
3731,348.0
3732,380.0
3733,284.0
3734,284.0
3735,380.0
3736,380.0
3737,316.0
3738,284.0
3739,284.0
3740,380.0
3741,476.0
3742,316.0
3743,380.0
3744,380.0
3745,476.0
3746,476.0
3747,284.0
3748,284.0
3749,284.0
3750,476.0
3751,380.0
3752,284.0
3753,636.0
3754,380.0
3755,284.0
3756,284.0
3757,380.0
3758,284.0
3759,284.0
3760,284.0
3761,284.0
3762,284.0
3763,284.0
3764,284.0
3765,380.0
3766,348.0
3767,380.0
3768,348.0
3769,284.0
3770,284.0
3771,380.0
3772,284.0
3773,284.0
3774,348.0
3775,284.0
3776,284.0
3777,284.0
3778,540.0
3779,348.0
3780,284.0
3781,284.0
3782,380.0
3783,476.0
3784,380.0
3785,284.0
3786,476.0
3787,476.0
3788,284.0
3789,284.0
3790,284.0
3791,380.0
3792,284.0
3793,284.0
3794,380.0
3795,284.0
3796,348.0
3797,348.0
3798,476.0
3799,380.0
3800,412.0
3801,380.0
3802,668.0
3803,284.0
3804,284.0
3805,476.0
3806,348.0
3807,476.0
3808,284.0
3809,284.0
3810,380.0
3811,380.0
3812,444.0
3813,284.0
3814,284.0
3815,284.0
3816,444.0
3817,380.0
3818,284.0
3819,284.0
3820,380.0
3821,348.0
3822,348.0
3823,380.0
3824,604.0
3825,284.0
3826,284.0
3827,380.0
3828,348.0
3829,380.0
3830,348.0
3831,284.0
3832,380.0
3833,284.0
3834,284.0
3835,380.0
3836,444.0
3837,284.0
3838,316.0
3839,284.0
3840,284.0
3841,412.0
3842,284.0
3843,380.0
3844,380.0
3845,380.0
3846,284.0
3847,284.0
3848,444.0
3849,284.0
3850,476.0
3851,284.0
3852,380.0
3853,284.0
3854,476.0
3855,476.0
3856,412.0
3857,284.0
3858,284.0
3859,284.0
3860,284.0
3861,476.0
3862,284.0
3863,284.0
3864,284.0
3865,412.0
3866,284.0
3867,284.0
3868,476.0
3869,412.0
3870,476.0
3871,284.0
3872,572.0
3873,476.0
3874,284.0
3875,284.0
3876,284.0
3877,284.0
3878,284.0
3879,284.0
3880,380.0
3881,476.0
3882,284.0
3883,348.0
3884,348.0
3885,476.0
3886,284.0
3887,476.0
3888,476.0
3889,284.0
3890,284.0
3891,412.0
3892,476.0
3893,444.0
3894,380.0
3895,380.0
3896,284.0
3897,476.0
3898,348.0
3899,572.0
3900,380.0
3901,476.0
3902,380.0
3903,284.0
3904,284.0
3905,380.0
3906,284.0
3907,284.0
3908,284.0
3909,380.0
3910,380.0
3911,348.0
3912,284.0
3913,348.0
3914,284.0
3915,284.0
3916,284.0
3917,348.0
3918,284.0
3919,284.0
3920,412.0
3921,380.0
3922,380.0
3923,284.0
3924,380.0
3925,284.0
3926,412.0
3927,348.0
3928,380.0
3929,284.0
3930,284.0
3931,284.0
3932,380.0
3933,476.0
3934,380.0
3935,412.0
3936,476.0
3937,476.0
3938,412.0
3939,284.0
3940,284.0
3941,284.0
3942,380.0
3943,284.0
3944,412.0
3945,284.0
3946,284.0
3947,284.0
3948,284.0
3949,284.0
3950,284.0
3951,284.0
3952,284.0
3953,284.0
3954,476.0
3955,572.0
3956,284.0
3957,380.0
3958,380.0
3959,380.0
3960,476.0
3961,284.0
3962,380.0
3963,476.0
3964,284.0
3965,380.0
3966,284.0
3967,284.0
3968,284.0
3969,284.0
3970,348.0
3971,284.0
3972,380.0
3973,380.0
3974,284.0
3975,380.0
3976,284.0
3977,284.0
3978,380.0
3979,284.0
3980,284.0
3981,284.0
3982,476.0
3983,348.0
3984,476.0
3985,380.0
3986,284.0
3987,380.0
3988,476.0
3989,284.0
3990,284.0
3991,284.0
3992,284.0
3993,284.0
3994,476.0
3995,476.0
3996,444.0
3997,284.0
3998,284.0
3999,476.0
4000,284.0
4001,316.0
4002,444.0
4003,380.0
4004,380.0
4005,476.0
4006,284.0
4007,284.0
4008,284.0
4009,284.0
4010,380.0
4011,476.0
4012,284.0
4013,476.0
4014,284.0
4015,380.0
4016,380.0
4017,380.0
4018,668.0
4019,348.0
4020,284.0
4021,284.0
4022,284.0
4023,284.0
4024,380.0
4025,284.0
4026,380.0
4027,380.0
4028,380.0
4029,380.0
4030,284.0
4031,380.0
4032,476.0
4033,380.0
4034,380.0
4035,316.0
4036,380.0
4037,348.0
4038,380.0
4039,412.0
4040,380.0
4041,476.0
4042,380.0
4043,284.0
4044,348.0
4045,604.0
4046,348.0
4047,348.0
4048,284.0
4049,284.0
4050,284.0
4051,284.0
4052,348.0
4053,412.0
4054,284.0
4055,476.0
4056,284.0
4057,284.0
4058,476.0
4059,284.0
4060,284.0
4061,380.0
4062,284.0
4063,476.0
4064,348.0
4065,284.0
4066,444.0
4067,380.0
4068,284.0
4069,380.0
4070,284.0
4071,380.0
4072,284.0
4073,380.0
4074,380.0
4075,348.0
4076,380.0
4077,284.0
4078,476.0
4079,284.0
4080,380.0
4081,284.0
4082,284.0
4083,412.0
4084,284.0
4085,316.0
4086,380.0
4087,284.0
4088,284.0
4089,380.0
4090,284.0
4091,284.0
4092,476.0
4093,284.0
4094,284.0
4095,476.0
4096,284.0
4097,284.0
4098,284.0
4099,476.0
4100,284.0
4101,284.0
4102,284.0
4103,380.0
4104,284.0
4105,284.0
4106,284.0
4107,348.0
4108,444.0
4109,412.0
4110,380.0
4111,412.0
4112,412.0
4113,284.0
4114,284.0
4115,284.0
4116,476.0
4117,316.0
4118,380.0
4119,284.0
4120,284.0
4121,284.0
4122,348.0
4123,380.0
4124,284.0
4125,284.0
4126,284.0
4127,284.0
4128,380.0
4129,412.0
4130,284.0
4131,284.0
4132,284.0
4133,284.0
4134,284.0
4135,380.0
4136,476.0
4137,540.0
4138,380.0
4139,284.0
4140,380.0
4141,476.0
4142,380.0
4143,316.0
4144,284.0
4145,284.0
4146,284.0
4147,380.0
4148,380.0
4149,348.0
4150,284.0
4151,476.0
4152,284.0
4153,284.0
4154,476.0
4155,284.0
4156,412.0
4157,284.0
4158,348.0
4159,380.0
4160,284.0
4161,380.0
4162,476.0
4163,284.0
4164,284.0
4165,380.0
4166,412.0
4167,412.0
4168,412.0
4169,476.0
4170,284.0
4171,284.0
4172,284.0
4173,284.0
4174,284.0
4175,380.0
4176,284.0
4177,380.0
4178,476.0
4179,476.0
4180,284.0
4181,476.0
4182,380.0
4183,380.0
4184,284.0
4185,348.0
4186,476.0
4187,476.0
4188,476.0
4189,284.0
4190,380.0
4191,284.0
4192,476.0
4193,348.0
4194,476.0
4195,284.0
4196,284.0
4197,284.0
4198,284.0
4199,476.0
4200,284.0
4201,476.0
4202,284.0
4203,540.0
4204,284.0
4205,284.0
4206,284.0
4207,412.0
4208,380.0
4209,284.0
4210,380.0
4211,284.0
4212,380.0
4213,284.0
4214,284.0
4215,380.0
4216,284.0
4217,572.0
4218,284.0
4219,284.0
4220,412.0
4221,476.0
4222,284.0
4223,284.0
4224,380.0
4225,284.0
4226,284.0
4227,284.0
4228,284.0
4229,476.0
4230,284.0
4231,380.0
4232,540.0
4233,284.0
4234,380.0
4235,380.0
4236,380.0
4237,284.0
4238,284.0
4239,380.0
4240,380.0
4241,412.0
4242,284.0
4243,284.0
4244,476.0
4245,380.0
4246,412.0
4247,284.0
4248,284.0
4249,348.0
4250,284.0
4251,540.0
4252,284.0
4253,284.0
4254,412.0
4255,284.0
4256,476.0
4257,284.0
4258,284.0
4259,444.0
4260,284.0
4261,284.0
4262,284.0
4263,380.0
4264,476.0
4265,380.0
4266,380.0
4267,380.0
4268,476.0
4269,380.0
4270,284.0
4271,380.0
4272,476.0
4273,476.0
4274,284.0
4275,284.0
4276,380.0
4277,284.0
4278,380.0
4279,476.0
4280,444.0
4281,476.0
4282,284.0
4283,380.0
4284,572.0
4285,380.0
4286,412.0
4287,284.0
4288,284.0
4289,380.0
4290,444.0
4291,476.0
4292,348.0
4293,284.0
4294,380.0
4295,380.0
4296,284.0
4297,284.0
4298,348.0
4299,348.0
4300,380.0
4301,380.0
4302,284.0
4303,284.0
4304,284.0
4305,348.0
4306,476.0
4307,412.0
4308,284.0
4309,380.0
4310,476.0
4311,348.0
4312,412.0
4313,380.0
4314,284.0
4315,284.0
4316,444.0
4317,284.0
4318,284.0
4319,284.0
4320,380.0
4321,284.0
4322,284.0
4323,284.0
4324,380.0
4325,284.0
4326,284.0
4327,380.0
4328,284.0
4329,284.0
4330,348.0
4331,284.0
4332,380.0
4333,284.0
4334,380.0
4335,284.0
4336,284.0
4337,476.0
4338,316.0
4339,412.0
4340,284.0
4341,284.0
4342,284.0
4343,476.0
4344,380.0
4345,284.0
4346,284.0
4347,348.0
4348,284.0
4349,284.0
4350,284.0
4351,380.0
4352,476.0
4353,284.0
4354,476.0
4355,380.0
4356,412.0
4357,284.0
4358,284.0
4359,284.0
4360,284.0
4361,476.0
4362,348.0
4363,284.0
4364,284.0
4365,380.0
4366,380.0
4367,412.0
4368,348.0
4369,380.0
4370,412.0
4371,380.0
4372,412.0
4373,284.0
4374,284.0
4375,476.0
4376,284.0
4377,572.0
4378,380.0
4379,380.0
4380,284.0
4381,348.0
4382,412.0
4383,284.0
4384,284.0
4385,284.0
4386,284.0
4387,444.0
4388,380.0
4389,380.0
4390,380.0
4391,348.0
4392,284.0
4393,476.0
4394,412.0
4395,380.0
4396,476.0
4397,380.0
4398,284.0
4399,380.0
4400,380.0
4401,284.0
4402,284.0
4403,380.0
4404,380.0
4405,284.0
4406,380.0
4407,284.0
4408,380.0
4409,476.0
4410,284.0
4411,380.0
4412,380.0
4413,284.0
4414,284.0
4415,380.0
4416,284.0
4417,284.0
4418,284.0
4419,284.0
4420,284.0
4421,284.0
4422,476.0
4423,284.0
4424,284.0
4425,284.0
4426,476.0
4427,284.0
4428,284.0
4429,284.0
4430,284.0
4431,476.0
4432,284.0
4433,284.0
4434,284.0
4435,284.0
4436,476.0
4437,284.0
4438,572.0
4439,380.0
4440,284.0
4441,284.0
4442,540.0
4443,380.0
4444,380.0
4445,380.0
4446,380.0
4447,380.0
4448,284.0
4449,476.0
4450,284.0
4451,284.0
4452,284.0
4453,284.0
4454,380.0
4455,476.0
4456,668.0
4457,380.0
4458,476.0
4459,572.0
4460,348.0
4461,380.0
4462,380.0
4463,380.0
4464,284.0
4465,380.0
4466,284.0
4467,316.0
4468,380.0
4469,380.0
4470,284.0
4471,476.0
4472,380.0
4473,284.0
4474,284.0
4475,284.0
4476,380.0
4477,380.0
4478,380.0
4479,508.0
4480,284.0
4481,284.0
4482,284.0
4483,284.0
4484,316.0
4485,412.0
4486,380.0
4487,476.0
4488,284.0
4489,476.0
4490,380.0
4491,284.0
4492,284.0
4493,412.0
4494,380.0
4495,284.0
4496,284.0
4497,476.0
4498,668.0
4499,284.0
4500,476.0
4501,476.0
4502,476.0
4503,380.0
4504,348.0
4505,284.0
4506,284.0
4507,412.0
4508,348.0
4509,284.0
4510,284.0
4511,284.0
4512,284.0
4513,444.0
4514,476.0
4515,412.0
4516,380.0
4517,412.0
4518,284.0
4519,284.0
4520,380.0
4521,284.0
4522,284.0
4523,380.0
4524,284.0
4525,284.0
4526,284.0
4527,476.0
4528,412.0
4529,476.0
4530,284.0
4531,380.0
4532,284.0
4533,476.0
4534,284.0
4535,284.0
4536,380.0
4537,284.0
4538,284.0
4539,476.0
4540,412.0
4541,476.0
4542,284.0
4543,284.0
4544,284.0
4545,284.0
4546,284.0
4547,284.0
4548,380.0
4549,476.0
4550,284.0
4551,284.0
4552,284.0
4553,284.0
4554,284.0
4555,380.0
4556,284.0
4557,284.0
4558,284.0
4559,476.0
4560,380.0
4561,284.0
4562,316.0
4563,284.0
4564,284.0
4565,380.0
4566,284.0
4567,284.0
4568,476.0
4569,284.0
4570,284.0
4571,284.0
4572,444.0
4573,412.0
4574,284.0
4575,316.0
4576,444.0
4577,284.0
4578,412.0
4579,444.0
4580,380.0
4581,284.0
4582,348.0
4583,348.0
4584,284.0
4585,476.0
4586,284.0
4587,476.0
4588,284.0
4589,412.0
4590,380.0
4591,284.0
4592,284.0
4593,444.0
4594,380.0
4595,316.0
4596,380.0
4597,284.0
4598,412.0
4599,284.0
4600,572.0
4601,284.0
4602,380.0
4603,476.0
4604,284.0
4605,284.0
4606,380.0
4607,284.0
4608,284.0
4609,284.0
4610,284.0
4611,508.0
4612,284.0
4613,284.0
4614,476.0
4615,476.0
4616,284.0
4617,380.0
4618,444.0
4619,284.0
4620,284.0
4621,284.0
4622,540.0
4623,284.0
4624,284.0
4625,284.0
4626,284.0
4627,412.0
4628,284.0
4629,380.0
4630,284.0
4631,636.0
4632,476.0
4633,284.0
4634,540.0
4635,380.0
4636,380.0
4637,444.0
4638,700.0
4639,380.0
4640,476.0
4641,284.0
4642,380.0
4643,380.0
4644,476.0
4645,284.0
4646,380.0
4647,284.0
4648,476.0
4649,476.0
4650,284.0
4651,284.0
4652,284.0
4653,380.0
4654,284.0
4655,476.0
4656,284.0
4657,508.0
4658,284.0
4659,348.0
4660,284.0
4661,284.0
4662,284.0
4663,284.0
4664,348.0
4665,380.0
4666,380.0
4667,284.0
4668,284.0
4669,284.0
4670,284.0
4671,348.0
4672,284.0
4673,476.0
4674,284.0
4675,380.0
4676,380.0
4677,476.0
4678,284.0
4679,412.0
4680,284.0
4681,284.0
4682,284.0
4683,380.0
4684,348.0
4685,380.0
4686,316.0
4687,412.0
4688,284.0
4689,380.0
4690,284.0
4691,476.0
4692,412.0
4693,284.0
4694,284.0
4695,284.0
4696,284.0
4697,380.0
4698,284.0
4699,284.0
4700,284.0
4701,284.0
4702,284.0
4703,284.0
4704,380.0
4705,284.0
4706,444.0
4707,476.0
4708,476.0
4709,284.0
4710,284.0
4711,284.0
4712,380.0
4713,284.0
4714,380.0
4715,284.0
4716,348.0
4717,380.0
4718,284.0
4719,284.0
4720,348.0
4721,284.0
4722,476.0
4723,284.0
4724,476.0
4725,284.0
4726,316.0
4727,284.0
4728,476.0
4729,284.0
4730,284.0
4731,476.0
4732,412.0
4733,444.0
4734,284.0
4735,284.0
4736,284.0
4737,284.0
4738,316.0
4739,284.0
4740,284.0
4741,380.0
4742,380.0
4743,284.0
4744,348.0
4745,284.0
4746,380.0
4747,284.0
4748,732.0
4749,476.0
4750,284.0
4751,284.0
4752,284.0
4753,284.0
4754,284.0
4755,284.0
4756,380.0
4757,284.0
4758,284.0
4759,284.0
4760,380.0
4761,380.0
4762,380.0
4763,476.0
4764,380.0
4765,380.0
4766,348.0
4767,348.0
4768,284.0
4769,380.0
4770,476.0
4771,476.0
4772,284.0
4773,316.0
4774,380.0
4775,284.0
4776,540.0
4777,284.0
4778,284.0
4779,380.0
4780,284.0
4781,284.0
4782,284.0
4783,380.0
4784,476.0
4785,284.0
4786,412.0
4787,284.0
4788,284.0
4789,380.0
4790,284.0
4791,380.0
4792,476.0
4793,284.0
4794,412.0
4795,284.0
4796,380.0
4797,284.0
4798,380.0
4799,284.0
4800,284.0
4801,380.0
4802,284.0
4803,380.0
4804,380.0
4805,284.0
4806,284.0
4807,284.0
4808,284.0
4809,284.0
4810,284.0
4811,412.0
4812,284.0
4813,284.0
4814,284.0
