0,83.0
1,95.0
2,83.0
3,95.0
4,-355.0
5,83.0
6,-228.0
7,-365.0
8,-350.0
9,47.0
10,83.0
11,95.0
12,6.0
13,38.0
14,-355.0
15,-138.0
16,95.0
17,95.0
18,-154.0
19,25.0
20,95.0
21,95.0
22,95.0
23,-192.0
24,-365.0
25,-190.0
26,-125.0
27,-335.0
28,-14.0
29,83.0
30,95.0
31,47.0
32,71.0
33,-197.0
34,-350.0
35,95.0
36,-168.0
37,83.0
38,-43.0
39,83.0
40,95.0
41,-76.0
42,-28.0
43,-98.0
44,76.0
45,95.0
46,-55.0
47,-84.0
48,-380.0
49,-238.0
50,-360.0
51,-370.0
52,18.0
53,-22.0
54,95.0
55,-125.0
56,-360.0
57,95.0
58,95.0
59,76.0
60,-360.0
61,38.0
62,13.0
63,95.0
64,95.0
65,95.0
66,95.0
67,76.0
68,-68.0
69,35.0
70,95.0
71,-365.0
72,95.0
73,19.0
74,-21.0
75,-219.0
76,95.0
77,95.0
78,-233.0
79,-350.0
80,83.0
81,38.0
82,-185.0
83,-360.0
84,95.0
85,-13.0
86,-360.0
87,71.0
88,-100.0
89,-350.0
90,-23.0
91,83.0
92,-78.0
93,-350.0
94,-355.0
95,-380.0
96,95.0
97,-126.0
98,54.0
99,20.0
100,-171.0
101,37.0
102,37.0
103,83.0
104,-108.0
105,-370.0
106,-130.0
107,-91.0
108,-228.0
109,83.0
110,95.0
111,83.0
112,59.0
113,76.0
114,71.0
115,23.0
116,95.0
117,95.0
118,95.0
119,95.0
120,83.0
121,26.0
122,95.0
123,-345.0
124,-59.0
125,71.0
126,95.0
127,-355.0
128,95.0
129,42.0
130,95.0
131,-390.0
132,-355.0
133,-360.0
134,95.0
135,-380.0
136,-380.0
137,-360.0
138,95.0
139,-355.0
140,-355.0
141,42.0
142,83.0
143,-50.0
144,-190.0
145,16.0
146,-330.0
147,-184.0
148,-370.0
149,76.0
150,95.0
151,95.0
152,-385.0
153,-355.0
154,95.0
155,95.0
156,-365.0
157,83.0
158,-350.0
159,-202.0
160,-385.0
161,95.0
162,95.0
163,95.0
164,-180.0
165,42.0
166,-360.0
167,26.0
168,-365.0
169,-61.0
170,-355.0
171,-81.0
172,-28.0
173,-6.0
174,-231.0
175,-370.0
176,-4.0
177,83.0
178,-202.0
179,95.0
180,95.0
181,83.0
182,95.0
183,95.0
184,-365.0
185,-370.0
186,-9.0
187,66.0
188,95.0
189,95.0
190,-57.0
191,-350.0
192,-355.0
193,-8.0
194,-197.0
195,95.0
196,-18.0
197,59.0
198,-355.0
199,-385.0
200,95.0
201,-365.0
202,71.0
203,66.0
204,-137.0
205,-52.0
206,-360.0
207,95.0
208,-365.0
209,-103.0
210,-212.0
211,-147.0
212,95.0
213,20.0
214,-168.0
215,95.0
216,-81.0
217,-350.0
218,95.0
219,-350.0
220,25.0
221,-360.0
222,-380.0
223,-350.0
224,83.0
225,95.0
226,95.0
227,-365.0
228,83.0
229,-156.0
230,30.0
231,3.0
232,83.0
233,83.0
234,38.0
235,-340.0
236,-370.0
237,-100.0
238,-375.0
239,-355.0
240,95.0
241,-151.0
242,71.0
243,-360.0
244,95.0
245,-360.0
246,-165.0
247,-110.0
248,95.0
249,16.0
250,83.0
251,-35.0
252,-355.0
253,-345.0
254,20.0
255,32.0
256,-84.0
257,23.0
258,-345.0
259,95.0
260,-370.0
261,37.0
262,-252.0
263,83.0
264,-385.0
265,-64.0
266,-370.0
267,-60.0
268,95.0
269,-355.0
270,83.0
271,83.0
272,95.0
273,-380.0
274,-200.0
275,95.0
276,83.0
277,95.0
278,95.0
279,-350.0
280,4.0
281,52.0
282,95.0
283,-201.0
284,95.0
285,-240.0
286,71.0
287,-365.0
288,-20.0
289,-350.0
290,-365.0
291,-360.0
292,54.0
293,83.0
294,95.0
295,-355.0
296,-118.0
297,95.0
298,95.0
299,95.0
300,-360.0
301,54.0
302,95.0
303,-236.0
304,95.0
305,95.0
306,83.0
307,-350.0
308,28.0
309,-340.0
310,-355.0
311,95.0
312,-370.0
313,-365.0
314,-37.0
315,-330.0
316,-340.0
317,83.0
318,-237.0
319,-115.0
320,-112.0
321,23.0
322,20.0
323,95.0
324,95.0
325,-345.0
326,-235.0
327,83.0
328,-340.0
329,-150.0
330,83.0
331,6.0
332,-345.0
333,95.0
334,95.0
335,66.0
336,95.0
337,30.0
338,-375.0
339,76.0
340,76.0
341,-166.0
342,83.0
343,95.0
344,-360.0
345,-340.0
346,83.0
347,-6.0
348,71.0
349,95.0
350,71.0
351,71.0
352,-370.0
353,23.0
354,-360.0
355,95.0
356,-81.0
357,-161.0
358,64.0
359,6.0
360,95.0
361,23.0
362,-350.0
363,-190.0
364,-365.0
365,95.0
366,-360.0
367,83.0
368,95.0
369,66.0
370,-23.0
371,95.0
372,83.0
373,-89.0
374,-16.0
375,95.0
376,-69.0
377,-204.0
378,-20.0
379,-350.0
380,95.0
381,95.0
382,95.0
383,-375.0
384,54.0
385,95.0
386,-355.0
387,95.0
388,-365.0
389,-229.0
390,95.0
391,83.0
392,95.0
393,-229.0
394,-104.0
395,95.0
396,-345.0
397,83.0
398,59.0
399,-8.0
400,-350.0
401,-375.0
402,-365.0
403,-63.0
404,54.0
405,76.0
406,-350.0
407,59.0
408,-370.0
409,-365.0
410,42.0
411,-146.0
412,-21.0
413,95.0
414,-350.0
415,95.0
416,-350.0
417,-350.0
418,37.0
419,-212.0
420,54.0
421,25.0
422,-370.0
423,83.0
424,83.0
425,95.0
426,83.0
427,20.0
428,76.0
429,95.0
430,42.0
431,95.0
432,-355.0
433,95.0
434,-110.0
435,6.0
436,18.0
437,59.0
438,83.0
439,95.0
440,-355.0
441,95.0
442,95.0
443,59.0
444,95.0
445,6.0
446,95.0
447,71.0
448,-74.0
449,-59.0
450,-385.0
451,95.0
452,-50.0
453,83.0
454,-375.0
455,-345.0
456,-150.0
457,95.0
458,30.0
459,-365.0
460,-185.0
461,95.0
462,83.0
463,8.0
464,-355.0
465,2.0
466,95.0
467,-21.0
468,30.0
469,83.0
470,-360.0
471,-365.0
472,95.0
473,-395.0
474,95.0
475,-330.0
476,-147.0
477,8.0
478,-360.0
479,95.0
480,-173.0
481,64.0
482,42.0
483,-355.0
484,-107.0
485,95.0
486,-340.0
487,-194.0
488,-4.0
489,95.0
490,95.0
491,83.0
492,-11.0
493,-370.0
494,95.0
495,-13.0
496,25.0
497,83.0
498,-360.0
499,-360.0
500,83.0
501,95.0
502,3.0
503,95.0
504,-69.0
505,76.0
506,95.0
507,28.0
508,-365.0
509,-127.0
510,-370.0
511,95.0
512,-156.0
513,-154.0
514,95.0
515,95.0
516,-380.0
517,95.0
518,-360.0
519,95.0
520,-355.0
521,37.0
522,83.0
523,-38.0
524,95.0
525,95.0
526,66.0
527,95.0
528,-375.0
529,-370.0
530,95.0
531,95.0
532,49.0
533,-385.0
534,-40.0
535,-173.0
536,83.0
537,71.0
538,95.0
539,-11.0
540,95.0
541,95.0
542,-18.0
543,30.0
544,83.0
545,83.0
546,59.0
547,95.0
548,-105.0
549,95.0
550,71.0
551,33.0
552,57.0
553,64.0
554,-62.0
555,3.0
556,-1.0
557,95.0
558,95.0
559,-350.0
560,-360.0
561,57.0
562,-370.0
563,95.0
564,-355.0
565,95.0
566,95.0
567,26.0
568,25.0
569,95.0
570,11.0
571,95.0
572,-375.0
573,-380.0
574,83.0
575,-98.0
576,-22.0
577,-370.0
578,95.0
579,-360.0
580,-380.0
581,83.0
582,83.0
583,-35.0
584,64.0
585,95.0
586,-380.0
587,83.0
588,-370.0
589,83.0
590,-253.0
591,95.0
592,95.0
593,-188.0
594,83.0
595,76.0
596,26.0
597,95.0
598,-132.0
599,95.0
600,-96.0
601,8.0
602,-167.0
603,95.0
604,95.0
605,-345.0
606,35.0
607,-69.0
608,95.0
609,-385.0
610,-38.0
611,-375.0
612,95.0
613,-370.0
614,40.0
615,95.0
616,-375.0
617,-365.0
618,-370.0
619,-212.0
620,18.0
621,83.0
622,-345.0
623,95.0
624,95.0
625,95.0
626,-365.0
627,25.0
628,95.0
629,-360.0
630,-204.0
631,-360.0
632,-115.0
633,64.0
634,95.0
635,1.0
636,-355.0
637,-375.0
638,83.0
639,83.0
640,37.0
641,83.0
642,-360.0
643,95.0
644,95.0
645,-365.0
646,-204.0
647,-43.0
648,-11.0
649,83.0
650,-375.0
651,-360.0
652,83.0
653,-370.0
654,95.0
655,-325.0
656,-360.0
657,26.0
658,83.0
659,95.0
660,20.0
661,95.0
662,-78.0
663,-4.0
664,95.0
665,-380.0
666,95.0
667,-168.0
668,6.0
669,11.0
670,-163.0
671,-84.0
672,16.0
673,95.0
674,-355.0
675,42.0
676,83.0
677,-355.0
678,8.0
679,38.0
680,66.0
681,64.0
682,47.0
683,-210.0
684,95.0
685,95.0
686,83.0
687,83.0
688,52.0
689,45.0
690,-355.0
691,-181.0
692,3.0
693,-340.0
694,71.0
695,95.0
696,-219.0
697,-33.0
698,-390.0
699,-370.0
700,-375.0
701,-79.0
702,-365.0
703,-241.0
704,-151.0
705,-395.0
706,-16.0
707,95.0
708,95.0
709,57.0
710,-206.0
711,42.0
712,-385.0
713,-178.0
714,-144.0
715,-375.0
716,-365.0
717,95.0
718,-98.0
719,19.0
720,95.0
721,-340.0
722,83.0
723,25.0
724,95.0
725,45.0
726,40.0
727,95.0
728,59.0
729,71.0
730,64.0
731,95.0
732,83.0
733,-62.0
734,71.0
735,95.0
736,-236.0
737,71.0
738,-370.0
739,-380.0
740,-228.0
741,71.0
742,-239.0
743,83.0
744,83.0
745,-249.0
746,95.0
747,95.0
748,20.0
749,-239.0
750,83.0
751,6.0
752,64.0
753,95.0
754,-40.0
755,-110.0
756,30.0
757,95.0
758,3.0
759,95.0
760,95.0
761,-67.0
762,95.0
763,95.0
764,-84.0
765,-370.0
766,-35.0
767,95.0
768,-6.0
769,-390.0
770,-355.0
771,6.0
772,83.0
773,95.0
774,-77.0
775,-52.0
776,-211.0
777,95.0
778,-72.0
779,-365.0
780,-34.0
781,-176.0
782,95.0
783,95.0
784,6.0
785,-385.0
786,-18.0
787,-86.0
788,95.0
789,95.0
790,-375.0
791,-390.0
792,-12.0
793,83.0
794,-192.0
795,-141.0
796,49.0
797,-27.0
798,95.0
799,83.0
800,25.0
801,33.0
802,-115.0
803,83.0
804,6.0
805,-255.0
806,95.0
807,95.0
808,-188.0
809,-33.0
810,71.0
811,-173.0
812,-50.0
813,64.0
814,47.0
815,-360.0
816,-93.0
817,-375.0
818,-166.0
819,-375.0
820,32.0
821,-189.0
822,-390.0
823,54.0
824,71.0
825,-241.0
826,95.0
827,95.0
828,-52.0
829,42.0
830,66.0
831,-101.0
832,-6.0
833,95.0
834,95.0
835,-395.0
836,83.0
837,-345.0
838,83.0
839,95.0
840,71.0
841,-370.0
842,95.0
843,-4.0
844,37.0
845,-74.0
846,-365.0
847,71.0
848,95.0
849,71.0
850,95.0
851,95.0
852,95.0
853,83.0
854,-69.0
855,95.0
856,-44.0
857,95.0
858,-185.0
859,-375.0
860,-56.0
861,-385.0
862,-365.0
863,-149.0
864,76.0
865,95.0
866,95.0
867,95.0
868,95.0
869,-248.0
870,95.0
871,28.0
872,-72.0
873,83.0
874,95.0
875,-1.0
876,42.0
877,-200.0
878,52.0
879,20.0
880,95.0
881,76.0
882,1.0
883,-385.0
884,-395.0
885,95.0
886,59.0
887,38.0
888,-135.0
889,-370.0
890,0.0
891,-370.0
892,71.0
893,-385.0
894,66.0
895,-96.0
896,95.0
897,-62.0
898,-226.0
899,71.0
900,95.0
901,-62.0
902,95.0
903,95.0
904,-188.0
905,95.0
906,-375.0
907,95.0
908,37.0
909,95.0
910,-40.0
911,83.0
912,18.0
913,83.0
914,-11.0
915,76.0
916,95.0
917,-158.0
918,-380.0
919,95.0
920,95.0
921,-385.0
922,83.0
923,-19.0
924,83.0
925,-172.0
926,95.0
927,-365.0
928,-103.0
929,83.0
930,95.0
931,-375.0
932,-93.0
933,-380.0
934,95.0
935,95.0
936,76.0
937,95.0
938,-120.0
939,-257.0
940,-360.0
941,-375.0
942,64.0
943,95.0
944,95.0
945,-370.0
946,-120.0
947,3.0
948,-43.0
949,26.0
950,-4.0
951,95.0
952,-380.0
953,95.0
954,1.0
955,-11.0
956,71.0
957,71.0
958,-60.0
959,83.0
960,95.0
961,-177.0
962,95.0
963,14.0
964,-365.0
965,95.0
966,-108.0
967,95.0
968,-380.0
969,95.0
970,-197.0
971,83.0
972,-395.0
973,95.0
974,95.0
975,20.0
976,64.0
977,95.0
978,38.0
979,-375.0
980,8.0
981,-380.0
982,83.0
983,59.0
984,83.0
985,-380.0
986,52.0
987,71.0
988,95.0
989,-46.0
990,71.0
991,95.0
992,95.0
993,59.0
994,95.0
995,-197.0
996,83.0
997,-277.0
998,-217.0
999,83.0
1000,14.0
1001,-375.0
1002,95.0
1003,-375.0
1004,-224.0
1005,-248.0
1006,-85.0
1007,95.0
1008,95.0
1009,95.0
1010,32.0
1011,83.0
1012,95.0
1013,47.0
1014,-380.0
1015,-375.0
1016,95.0
1017,-91.0
1018,-365.0
1019,45.0
1020,-79.0
1021,83.0
1022,-380.0
1023,76.0
1024,16.0
1025,45.0
1026,32.0
1027,95.0
1028,-10.0
1029,95.0
1030,-171.0
1031,-6.0
1032,45.0
1033,95.0
1034,64.0
1035,95.0
1036,35.0
1037,95.0
1038,35.0
1039,95.0
1040,95.0
1041,54.0
1042,11.0
1043,71.0
1044,-370.0
1045,95.0
1046,-385.0
1047,59.0
1048,-23.0
1049,-365.0
1050,95.0
1051,-375.0
1052,95.0
1053,-100.0
1054,-224.0
1055,95.0
1056,95.0
1057,-187.0
1058,-40.0
1059,83.0
1060,-200.0
1061,95.0
1062,-101.0
1063,83.0
1064,95.0
1065,95.0
1066,83.0
1067,95.0
1068,95.0
1069,-20.0
1070,-385.0
1071,-380.0
1072,16.0
1073,-365.0
1074,-380.0
1075,-252.0
1076,-375.0
1077,-385.0
1078,-101.0
1079,-380.0
1080,95.0
1081,-241.0
1082,-375.0
1083,-13.0
1084,16.0
1085,38.0
1086,95.0
1087,-3.0
1088,-385.0
1089,95.0
1090,1.0
1091,95.0
1092,-385.0
1093,-137.0
1094,95.0
1095,76.0
1096,71.0
1097,-28.0
1098,-390.0
1099,-370.0
1100,95.0
1101,-375.0
1102,95.0
1103,-246.0
1104,25.0
1105,83.0
1106,20.0
1107,-390.0
1108,-1.0
1109,95.0
1110,95.0
1111,-236.0
1112,95.0
1113,95.0
1114,95.0
1115,-167.0
1116,-120.0
1117,-380.0
1118,-199.0
1119,11.0
1120,95.0
1121,95.0
1122,-375.0
1123,83.0
1124,-198.0
1125,-375.0
1126,-380.0
1127,95.0
1128,-370.0
1129,64.0
1130,-385.0
1131,-370.0
1132,95.0
1133,54.0
1134,76.0
1135,-375.0
1136,-10.0
1137,37.0
1138,76.0
1139,14.0
1140,95.0
1141,76.0
1142,-390.0
1143,-395.0
1144,95.0
1145,95.0
1146,-29.0
1147,-136.0
1148,-61.0
1149,95.0
1150,13.0
1151,-54.0
1152,95.0
1153,-28.0
1154,20.0
1155,-380.0
1156,20.0
1157,95.0
1158,-375.0
1159,8.0
1160,83.0
1161,-161.0
1162,-390.0
1163,95.0
1164,95.0
1165,95.0
1166,-15.0
1167,8.0
1168,-266.0
1169,30.0
1170,-30.0
1171,95.0
1172,25.0
1173,95.0
1174,95.0
1175,95.0
1176,95.0
1177,-75.0
1178,-390.0
1179,-400.0
1180,95.0
1181,-370.0
1182,-370.0
1183,95.0
1184,19.0
1185,95.0
1186,95.0
1187,95.0
1188,45.0
1189,95.0
1190,-29.0
1191,-385.0
1192,95.0
1193,64.0
1194,-390.0
1195,95.0
1196,83.0
1197,95.0
1198,-237.0
1199,95.0
1200,-193.0
1201,-360.0
1202,-52.0
1203,95.0
1204,-390.0
1205,95.0
1206,-140.0
1207,-385.0
1208,95.0
1209,-380.0
1210,-253.0
1211,95.0
1212,71.0
1213,71.0
1214,95.0
1215,95.0
1216,95.0
1217,95.0
1218,64.0
1219,95.0
1220,-375.0
1221,83.0
1222,-395.0
1223,95.0
1224,95.0
1225,95.0
1226,-370.0
1227,-385.0
1228,95.0
1229,-390.0
1230,95.0
1231,-43.0
1232,95.0
1233,-35.0
1234,95.0
1235,83.0
1236,-40.0
1237,57.0
1238,54.0
1239,95.0
1240,-144.0
1241,-385.0
1242,-58.0
1243,83.0
1244,95.0
1245,95.0
1246,-370.0
1247,49.0
1248,59.0
1249,95.0
1250,-52.0
1251,83.0
1252,-395.0
1253,-239.0
1254,95.0
1255,19.0
1256,95.0
1257,54.0
1258,-400.0
1259,95.0
1260,76.0
1261,-385.0
1262,95.0
1263,0.0
1264,-385.0
1265,-390.0
1266,95.0
1267,83.0
1268,64.0
1269,95.0
1270,95.0
1271,-5.0
1272,-185.0
1273,95.0
1274,-390.0
1275,45.0
1276,-23.0
1277,76.0
1278,95.0
1279,-85.0
1280,95.0
1281,49.0
1282,-380.0
1283,95.0
1284,83.0
1285,40.0
1286,95.0
1287,95.0
1288,95.0
1289,49.0
1290,18.0
1291,-180.0
1292,-57.0
1293,-385.0
1294,95.0
1295,-105.0
1296,45.0
1297,95.0
1298,83.0
1299,-275.0
1300,95.0
1301,95.0
1302,95.0
1303,33.0
1304,83.0
1305,37.0
1306,95.0
1307,95.0
1308,32.0
1309,57.0
1310,95.0
1311,-380.0
1312,-176.0
1313,-400.0
1314,-5.0
1315,95.0
1316,35.0
1317,76.0
1318,-375.0
1319,28.0
1320,95.0
1321,-380.0
1322,95.0
1323,95.0
1324,16.0
1325,95.0
1326,95.0
1327,49.0
1328,59.0
1329,66.0
1330,-375.0
1331,83.0
1332,-76.0
1333,95.0
1334,95.0
1335,-395.0
1336,95.0
1337,76.0
1338,-375.0
1339,-395.0
1340,95.0
1341,47.0
1342,95.0
1343,95.0
1344,83.0
1345,95.0
1346,66.0
1347,95.0
1348,95.0
1349,95.0
1350,-370.0
1351,-33.0
1352,95.0
1353,95.0
1354,-385.0
1355,76.0
1356,71.0
1357,95.0
1358,95.0
1359,-108.0
1360,-395.0
1361,-6.0
1362,95.0
1363,-380.0
1364,95.0
1365,95.0
1366,25.0
1367,95.0
1368,95.0
1369,95.0
1370,95.0
1371,57.0
1372,95.0
1373,83.0
1374,52.0
1375,-28.0
1376,95.0
1377,83.0
1378,95.0
1379,-385.0
1380,95.0
1381,95.0
1382,83.0
1383,16.0
1384,54.0
1385,95.0
1386,83.0
1387,19.0
1388,95.0
1389,-87.0
1390,-385.0
1391,83.0
1392,95.0
1393,64.0
1394,95.0
1395,38.0
1396,-390.0
1397,11.0
1398,95.0
1399,95.0
1400,95.0
1401,-9.0
1402,-395.0
1403,-405.0
1404,95.0
1405,95.0
1406,-370.0
1407,66.0
1408,64.0
1409,95.0
1410,95.0
1411,18.0
1412,95.0
1413,95.0
1414,-390.0
1415,95.0
1416,-380.0
1417,95.0
1418,-390.0
1419,83.0
1420,-37.0
1421,76.0
1422,95.0
1423,76.0
1424,83.0
1425,95.0
1426,-390.0
1427,-5.0
1428,95.0
1429,64.0
1430,-400.0
1431,-375.0
1432,95.0
1433,-36.0
1434,-375.0
1435,8.0
1436,-37.0
1437,95.0
1438,95.0
1439,95.0
1440,-60.0
1441,-395.0
1442,-101.0
1443,95.0
1444,95.0
1445,83.0
1446,95.0
1447,54.0
1448,95.0
1449,64.0
1450,83.0
1451,-395.0
1452,-390.0
1453,-375.0
1454,95.0
1455,-380.0
1456,-190.0
1457,83.0
1458,-194.0
1459,95.0
1460,95.0
1461,95.0
1462,95.0
1463,83.0
1464,95.0
1465,-395.0
1466,95.0
1467,95.0
1468,-390.0
1469,-380.0
1470,83.0
1471,95.0
1472,37.0
1473,95.0
1474,-380.0
1475,95.0
1476,95.0
1477,-4.0
1478,95.0
1479,18.0
1480,-395.0
1481,-390.0
1482,95.0
1483,95.0
1484,83.0
1485,-380.0
1486,59.0
1487,95.0
1488,95.0
1489,-59.0
1490,95.0
1491,95.0
1492,95.0
1493,95.0
1494,95.0
1495,-390.0
1496,-104.0
1497,-50.0
1498,-5.0
1499,-385.0
1500,-200.0
1501,83.0
1502,95.0
1503,95.0
1504,-88.0
1505,95.0
1506,-175.0
1507,83.0
1508,83.0
1509,66.0
1510,95.0
1511,95.0
1512,-79.0
1513,95.0
1514,-385.0
1515,95.0
1516,83.0
1517,83.0
1518,83.0
1519,95.0
1520,95.0
1521,19.0
1522,-69.0
1523,8.0
1524,95.0
1525,95.0
1526,83.0
1527,54.0
1528,95.0
1529,-390.0
1530,-375.0
1531,-385.0
1532,95.0
1533,95.0
1534,95.0
1535,95.0
1536,83.0
1537,-200.0
1538,-380.0
1539,-395.0
1540,-46.0
1541,95.0
1542,83.0
1543,6.0
1544,83.0
1545,95.0
1546,-380.0
1547,64.0
1548,95.0
1549,38.0
1550,95.0
1551,95.0
1552,95.0
1553,95.0
1554,-77.0
1555,-40.0
1556,-256.0
1557,95.0
1558,95.0
1559,95.0
1560,-400.0
1561,-395.0
1562,-14.0
1563,95.0
1564,-127.0
1565,95.0
1566,95.0
1567,95.0
1568,95.0
1569,95.0
1570,64.0
1571,19.0
1572,95.0
1573,76.0
1574,-74.0
1575,95.0
1576,95.0
1577,-400.0
1578,95.0
1579,-33.0
1580,71.0
1581,-365.0
1582,95.0
1583,-380.0
1584,95.0
1585,-380.0
1586,-380.0
1587,83.0
1588,95.0
1589,83.0
1590,95.0
1591,-96.0
1592,95.0
1593,95.0
1594,-385.0
1595,95.0
1596,64.0
1597,-16.0
1598,-390.0
1599,95.0
1600,-390.0
1601,-385.0
1602,95.0
1603,95.0
1604,-95.0
1605,-16.0
1606,8.0
1607,95.0
1608,83.0
1609,95.0
1610,95.0
1611,-84.0
1612,95.0
1613,66.0
1614,95.0
1615,95.0
1616,83.0
1617,95.0
1618,95.0
1619,-114.0
1620,83.0
1621,-390.0
1622,95.0
1623,-183.0
1624,-375.0
1625,-385.0
1626,-215.0
1627,95.0
1628,-390.0
1629,0.0
1630,95.0
1631,83.0
1632,37.0
1633,95.0
1634,-138.0
1635,95.0
1636,95.0
1637,-390.0
1638,95.0
1639,95.0
1640,83.0
1641,-405.0
1642,95.0
1643,-385.0
1644,95.0
1645,95.0
1646,-385.0
1647,95.0
1648,-385.0
1649,-12.0
1650,-19.0
1651,95.0
1652,-130.0
1653,-182.0
1654,-390.0
1655,-390.0
1656,-390.0
1657,-400.0
1658,95.0
1659,95.0
1660,-390.0
1661,-60.0
1662,-44.0
1663,83.0
1664,-3.0
1665,95.0
1666,-181.0
1667,95.0
1668,-385.0
1669,-385.0
1670,95.0
1671,95.0
1672,83.0
1673,-400.0
1674,95.0
1675,-26.0
1676,-395.0
1677,-390.0
1678,-390.0
1679,-390.0
1680,-395.0
1681,95.0
1682,95.0
1683,57.0
1684,-57.0
1685,95.0
1686,-385.0
1687,-31.0
1688,-118.0
1689,95.0
1690,38.0
1691,71.0
1692,95.0
1693,95.0
1694,59.0
1695,95.0
1696,64.0
1697,-395.0
1698,95.0
1699,95.0
1700,-390.0
1701,-390.0
1702,-395.0
1703,-395.0
1704,59.0
1705,59.0
1706,-27.0
1707,-395.0
1708,95.0
1709,95.0
1710,95.0
1711,-390.0
1712,95.0
1713,95.0
1714,95.0
1715,-239.0
1716,95.0
1717,95.0
1718,95.0
1719,-390.0
1720,-405.0
1721,95.0
1722,95.0
1723,49.0
1724,95.0
1725,95.0
1726,95.0
1727,95.0
1728,-365.0
1729,95.0
1730,95.0
1731,-28.0
1732,83.0
1733,0.0
1734,95.0
1735,-390.0
1736,95.0
1737,49.0
1738,95.0
1739,-380.0
1740,95.0
1741,95.0
1742,32.0
1743,95.0
1744,-375.0
1745,95.0
1746,-380.0
1747,95.0
1748,95.0
1749,95.0
1750,95.0
1751,-380.0
1752,-5.0
1753,19.0
1754,59.0
1755,-122.0
1756,-395.0
1757,95.0
1758,95.0
1759,-390.0
1760,95.0
1761,76.0
1762,95.0
1763,-375.0
1764,95.0
1765,95.0
1766,-390.0
1767,95.0
1768,95.0
1769,-390.0
1770,95.0
1771,-69.0
1772,95.0
1773,-179.0
1774,95.0
1775,95.0
1776,95.0
1777,-79.0
1778,-240.0
1779,95.0
1780,95.0
1781,-38.0
1782,95.0
1783,8.0
1784,95.0
1785,95.0
1786,95.0
1787,95.0
1788,-11.0
1789,-375.0
1790,-365.0
1791,71.0
1792,95.0
1793,95.0
1794,95.0
1795,-50.0
1796,-370.0
1797,-365.0
1798,95.0
1799,-205.0
1800,-370.0
1801,-340.0
1802,95.0
1803,95.0
1804,76.0
1805,38.0
1806,95.0
1807,-365.0
1808,83.0
1809,95.0
1810,-37.0
1811,95.0
1812,95.0
1813,95.0
1814,42.0
1815,76.0
1816,-370.0
1817,-83.0
1818,95.0
1819,95.0
1820,95.0
1821,95.0
1822,95.0
1823,95.0
1824,-375.0
1825,76.0
1826,95.0
1827,83.0
1828,23.0
1829,95.0
1830,57.0
1831,95.0
1832,-375.0
1833,95.0
1834,83.0
1835,26.0
1836,95.0
1837,-365.0
1838,95.0
1839,-169.0
1840,47.0
1841,95.0
1842,95.0
1843,-185.0
1844,-103.0
1845,-370.0
1846,-137.0
1847,18.0
1848,8.0
1849,95.0
1850,-345.0
1851,-365.0
1852,-45.0
1853,28.0
1854,64.0
1855,95.0
1856,-225.0
1857,95.0
1858,47.0
1859,95.0
1860,83.0
1861,49.0
1862,-350.0
1863,83.0
1864,-229.0
1865,95.0
1866,-25.0
1867,95.0
1868,-360.0
1869,83.0
1870,-360.0
1871,95.0
1872,95.0
1873,-207.0
1874,-43.0
1875,95.0
1876,83.0
1877,95.0
1878,95.0
1879,-113.0
1880,-202.0
1881,-172.0
1882,-249.0
1883,95.0
1884,95.0
1885,-152.0
1886,95.0
1887,-350.0
1888,-335.0
1889,-380.0
1890,54.0
1891,76.0
1892,95.0
1893,76.0
1894,37.0
1895,76.0
1896,95.0
1897,1.0
1898,95.0
1899,95.0
1900,95.0
1901,-9.0
1902,95.0
1903,95.0
1904,95.0
1905,95.0
1906,95.0
1907,-33.0
1908,95.0
1909,-375.0
1910,95.0
1911,45.0
1912,-253.0
1913,95.0
1914,38.0
1915,95.0
1916,57.0
1917,57.0
1918,95.0
1919,57.0
1920,-50.0
1921,-74.0
1922,95.0
1923,-265.0
1924,-1.0
1925,95.0
1926,95.0
1927,-380.0
1928,95.0
1929,-98.0
1930,95.0
1931,-175.0
1932,95.0
1933,-365.0
1934,83.0
1935,-79.0
1936,-340.0
1937,-33.0
1938,20.0
1939,-385.0
1940,-136.0
1941,-197.0
1942,95.0
1943,57.0
1944,-38.0
1945,-244.0
1946,95.0
1947,57.0
1948,71.0
1949,95.0
1950,95.0
1951,-380.0
1952,95.0
1953,-375.0
1954,47.0
1955,-202.0
1956,76.0
1957,-375.0
1958,95.0
1959,95.0
1960,-385.0
1961,57.0
1962,95.0
1963,95.0
1964,-176.0
1965,95.0
1966,-26.0
1967,-375.0
1968,95.0
1969,95.0
1970,95.0
1971,57.0
1972,95.0
1973,-365.0
1974,52.0
1975,95.0
1976,-237.0
1977,-340.0
1978,95.0
1979,95.0
1980,95.0
1981,-228.0
1982,95.0
1983,95.0
1984,95.0
1985,-365.0
1986,-370.0
1987,-160.0
1988,95.0
1989,25.0
1990,-365.0
1991,-90.0
1992,95.0
1993,19.0
1994,-330.0
1995,-385.0
1996,-16.0
1997,95.0
1998,-185.0
1999,-57.0
2000,95.0
2001,-9.0
2002,13.0
2003,95.0
2004,95.0
2005,95.0
2006,-211.0
2007,8.0
2008,95.0
2009,95.0
2010,95.0
2011,49.0
2012,-67.0
2013,95.0
2014,19.0
2015,83.0
2016,95.0
2017,95.0
2018,-375.0
2019,76.0
2020,32.0
2021,-380.0
2022,95.0
2023,-201.0
2024,-25.0
2025,95.0
2026,16.0
2027,95.0
2028,95.0
2029,-390.0
2030,95.0
2031,95.0
2032,95.0
2033,8.0
2034,-12.0
2035,-375.0
2036,30.0
2037,-380.0
2038,42.0
2039,95.0
2040,-350.0
2041,95.0
2042,95.0
2043,95.0
2044,-62.0
2045,95.0
2046,-375.0
2047,95.0
2048,-6.0
2049,95.0
2050,-35.0
2051,57.0
2052,83.0
2053,95.0
2054,-370.0
2055,95.0
2056,95.0
2057,-360.0
2058,-67.0
2059,95.0
2060,95.0
2061,95.0
2062,83.0
2063,83.0
2064,38.0
2065,95.0
2066,-152.0
2067,-107.0
2068,32.0
2069,-115.0
2070,-31.0
2071,-365.0
2072,-375.0
2073,-355.0
2074,95.0
2075,95.0
2076,-375.0
2077,95.0
2078,66.0
2079,76.0
2080,95.0
2081,49.0
2082,95.0
2083,95.0
2084,95.0
2085,-370.0
2086,95.0
2087,3.0
2088,-82.0
2089,-380.0
2090,95.0
2091,-365.0
2092,95.0
2093,-173.0
2094,-115.0
2095,-375.0
2096,95.0
2097,-198.0
2098,-385.0
2099,83.0
2100,95.0
2101,-370.0
2102,-144.0
2103,20.0
2104,54.0
2105,-370.0
2106,95.0
2107,95.0
2108,18.0
2109,95.0
2110,-211.0
2111,76.0
2112,-72.0
2113,95.0
2114,-370.0
2115,-375.0
2116,95.0
2117,54.0
2118,95.0
2119,-370.0
2120,95.0
2121,95.0
2122,-52.0
2123,37.0
2124,95.0
2125,-117.0
2126,76.0
2127,95.0
2128,-355.0
2129,-79.0
2130,-226.0
2131,-375.0
2132,54.0
2133,95.0
2134,95.0
2135,95.0
2136,95.0
2137,-134.0
2138,76.0
2139,95.0
2140,83.0
2141,95.0
2142,95.0
2143,95.0
2144,-127.0
2145,-385.0
2146,64.0
2147,95.0
2148,95.0
2149,-360.0
2150,-72.0
2151,95.0
2152,95.0
2153,-355.0
2154,95.0
2155,95.0
2156,-149.0
2157,95.0
2158,-375.0
2159,95.0
2160,71.0
2161,64.0
2162,83.0
2163,38.0
2164,95.0
2165,-375.0
2166,95.0
2167,95.0
2168,-166.0
2169,8.0
2170,-365.0
2171,95.0
2172,-375.0
2173,95.0
2174,95.0
2175,-110.0
2176,95.0
2177,95.0
2178,95.0
2179,-50.0
2180,95.0
2181,95.0
2182,95.0
2183,95.0
2184,95.0
2185,95.0
2186,-35.0
2187,95.0
2188,30.0
2189,83.0
2190,95.0
2191,-22.0
2192,95.0
2193,95.0
2194,95.0
2195,66.0
2196,-37.0
2197,83.0
2198,95.0
2199,95.0
2200,-355.0
2201,-16.0
2202,95.0
2203,95.0
2204,54.0
2205,95.0
2206,54.0
2207,-139.0
2208,-38.0
2209,95.0
2210,-238.0
2211,-74.0
2212,95.0
2213,-360.0
2214,-375.0
2215,-375.0
2216,-151.0
2217,95.0
2218,95.0
2219,47.0
2220,95.0
2221,95.0
2222,95.0
2223,95.0
2224,95.0
2225,-385.0
2226,83.0
2227,-9.0
2228,-360.0
2229,95.0
2230,13.0
2231,66.0
2232,95.0
2233,95.0
2234,95.0
2235,-108.0
2236,76.0
2237,83.0
2238,-370.0
2239,83.0
2240,95.0
2241,95.0
2242,95.0
2243,83.0
2244,-161.0
2245,20.0
2246,-219.0
2247,95.0
2248,37.0
2249,95.0
2250,95.0
2251,95.0
2252,76.0
2253,83.0
2254,-360.0
2255,95.0
2256,-360.0
2257,-350.0
2258,-59.0
2259,95.0
2260,95.0
2261,95.0
2262,95.0
2263,-355.0
2264,-180.0
2265,-360.0
2266,95.0
2267,95.0
2268,76.0
2269,95.0
2270,95.0
2271,95.0
2272,95.0
2273,-365.0
2274,95.0
2275,76.0
2276,-365.0
2277,54.0
2278,95.0
2279,95.0
2280,66.0
2281,95.0
2282,95.0
2283,-185.0
2284,95.0
2285,-370.0
2286,95.0
2287,-370.0
2288,-355.0
2289,95.0
2290,-57.0
2291,25.0
2292,95.0
2293,95.0
2294,47.0
2295,95.0
2296,-360.0
2297,-360.0
2298,-60.0
2299,95.0
2300,95.0
2301,95.0
2302,-365.0
2303,32.0
2304,-11.0
2305,95.0
2306,-350.0
2307,-345.0
2308,-212.0
2309,95.0
2310,83.0
2311,83.0
2312,76.0
2313,-14.0
2314,-365.0
2315,1.0
2316,76.0
2317,95.0
2318,47.0
2319,95.0
2320,-350.0
2321,-86.0
2322,95.0
2323,95.0
2324,95.0
2325,-365.0
2326,95.0
2327,95.0
2328,95.0
2329,-355.0
2330,83.0
2331,95.0
2332,83.0
2333,95.0
2334,95.0
2335,95.0
2336,-42.0
2337,95.0
2338,42.0
2339,95.0
2340,95.0
2341,28.0
2342,-370.0
2343,25.0
2344,95.0
2345,95.0
2346,95.0
2347,-16.0
2348,-355.0
2349,95.0
2350,95.0
2351,95.0
2352,95.0
2353,-21.0
2354,83.0
2355,-33.0
2356,-365.0
2357,95.0
2358,66.0
2359,95.0
2360,-370.0
2361,95.0
2362,95.0
2363,-4.0
2364,95.0
2365,-370.0
2366,95.0
2367,-365.0
2368,-9.0
2369,95.0
2370,-355.0
2371,95.0
2372,95.0
2373,37.0
2374,-355.0
2375,83.0
2376,95.0
2377,95.0
2378,71.0
2379,95.0
2380,83.0
2381,-375.0
2382,95.0
2383,-380.0
2384,95.0
2385,-4.0
2386,-160.0
2387,-370.0
2388,-40.0
2389,-355.0
2390,-365.0
2391,-365.0
2392,95.0
2393,95.0
2394,95.0
2395,-40.0
2396,32.0
2397,95.0
2398,-154.0
2399,-96.0
2400,95.0
2401,83.0
2402,-62.0
2403,28.0
2404,-370.0
2405,95.0
2406,-84.0
2407,95.0
2408,-172.0
2409,-113.0
2410,66.0
2411,95.0
2412,95.0
2413,95.0
2414,-355.0
2415,95.0
2416,95.0
2417,95.0
2418,66.0
2419,95.0
2420,95.0
2421,76.0
2422,95.0
2423,95.0
2424,95.0
2425,95.0
2426,-350.0
2427,95.0
2428,25.0
2429,-365.0
2430,95.0
2431,64.0
2432,95.0
2433,-125.0
2434,95.0
2435,95.0
2436,23.0
2437,95.0
2438,95.0
2439,-355.0
2440,37.0
2441,-370.0
2442,95.0
2443,95.0
2444,95.0
2445,95.0
2446,95.0
2447,47.0
2448,95.0
2449,95.0
2450,-370.0
2451,-355.0
2452,49.0
2453,-50.0
2454,-375.0
2455,95.0
2456,-185.0
2457,95.0
2458,47.0
2459,95.0
2460,-355.0
2461,95.0
2462,-64.0
2463,-370.0
2464,-365.0
2465,-365.0
2466,95.0
2467,-360.0
2468,95.0
2469,95.0
2470,1.0
2471,95.0
2472,95.0
2473,54.0
2474,-52.0
2475,95.0
2476,95.0
2477,95.0
2478,-355.0
2479,95.0
2480,-360.0
2481,95.0
2482,95.0
2483,95.0
2484,-110.0
2485,-370.0
2486,83.0
2487,95.0
2488,95.0
2489,95.0
2490,-6.0
2491,95.0
2492,95.0
2493,-144.0
2494,-355.0
2495,-365.0
2496,95.0
2497,95.0
2498,95.0
2499,83.0
2500,-149.0
2501,-355.0
2502,95.0
2503,95.0
2504,95.0
2505,95.0
2506,-91.0
2507,95.0
2508,18.0
2509,66.0
2510,95.0
2511,-350.0
2512,95.0
2513,-350.0
2514,95.0
2515,-108.0
2516,95.0
2517,95.0
2518,95.0
2519,9.0
2520,-370.0
2521,95.0
2522,95.0
2523,95.0
2524,-183.0
2525,95.0
2526,-370.0
2527,95.0
2528,-370.0
2529,95.0
2530,76.0
2531,-355.0
2532,95.0
2533,95.0
2534,25.0
2535,95.0
2536,95.0
2537,95.0
2538,-355.0
2539,-165.0
2540,83.0
2541,95.0
2542,66.0
2543,95.0
2544,-360.0
2545,6.0
2546,47.0
2547,-4.0
2548,95.0
2549,95.0
2550,95.0
2551,-360.0
2552,95.0
2553,-345.0
2554,95.0
2555,20.0
2556,76.0
2557,95.0
2558,-345.0
2559,95.0
2560,-355.0
2561,-340.0
2562,-4.0
2563,-360.0
2564,95.0
2565,-365.0
2566,83.0
2567,95.0
2568,-355.0
2569,95.0
2570,95.0
2571,-345.0
2572,-350.0
2573,95.0
2574,42.0
2575,-360.0
2576,-355.0
2577,-370.0
2578,-355.0
2579,95.0
2580,-370.0
2581,95.0
2582,95.0
2583,-360.0
2584,-360.0
2585,-370.0
2586,-345.0
2587,-127.0
2588,-350.0
2589,95.0
2590,95.0
2591,-365.0
2592,-360.0
2593,95.0
2594,95.0
2595,-350.0
2596,54.0
2597,49.0
2598,1.0
2599,95.0
2600,-350.0
2601,25.0
2602,-360.0
2603,-355.0
2604,54.0
2605,95.0
2606,-360.0
2607,95.0
2608,-350.0
2609,-380.0
2610,83.0
2611,-375.0
2612,95.0
2613,-365.0
2614,-355.0
2615,95.0
2616,95.0
2617,95.0
2618,95.0
2619,95.0
2620,-350.0
2621,-355.0
2622,95.0
2623,54.0
2624,95.0
2625,37.0
2626,95.0
2627,95.0
2628,95.0
2629,95.0
2630,-355.0
2631,95.0
2632,-355.0
2633,-360.0
2634,95.0
2635,-122.0
2636,-360.0
2637,-355.0
2638,95.0
2639,95.0
2640,-350.0
2641,95.0
2642,54.0
2643,95.0
2644,49.0
2645,-360.0
2646,-38.0
2647,76.0
2648,-365.0
2649,-71.0
2650,-355.0
2651,52.0
2652,95.0
2653,95.0
2654,-57.0
2655,-350.0
2656,-28.0
2657,95.0
2658,54.0
2659,95.0
2660,95.0
2661,95.0
2662,-330.0
2663,-40.0
2664,95.0
2665,-355.0
2666,95.0
2667,-355.0
2668,54.0
2669,-325.0
2670,59.0
2671,-345.0
2672,-340.0
2673,95.0
2674,-350.0
2675,-350.0
2676,95.0
2677,95.0
2678,37.0
2679,-350.0
2680,-248.0
2681,47.0
2682,49.0
2683,95.0
2684,-355.0
2685,-340.0
2686,95.0
2687,-340.0
2688,95.0
2689,-350.0
2690,95.0
2691,95.0
2692,95.0
2693,76.0
2694,38.0
2695,95.0
2696,52.0
2697,-345.0
2698,-335.0
2699,-29.0
2700,95.0
2701,95.0
2702,71.0
2703,-365.0
2704,95.0
2705,95.0
2706,-325.0
2707,95.0
2708,-330.0
2709,-340.0
2710,95.0
2711,95.0
2712,49.0
2713,95.0
2714,95.0
2715,95.0
2716,95.0
2717,95.0
2718,8.0
2719,95.0
2720,59.0
2721,95.0
2722,95.0
2723,95.0
2724,-350.0
2725,95.0
2726,-345.0
2727,95.0
2728,95.0
2729,37.0
2730,95.0
2731,-193.0
2732,23.0
2733,76.0
2734,-355.0
2735,-335.0
2736,95.0
2737,-345.0
2738,76.0
2739,-172.0
2740,95.0
2741,95.0
2742,59.0
2743,30.0
2744,95.0
2745,-385.0
2746,95.0
2747,95.0
2748,-375.0
2749,76.0
2750,95.0
2751,95.0
2752,-28.0
2753,95.0
2754,95.0
2755,-335.0
2756,33.0
2757,-40.0
2758,-1.0
2759,95.0
2760,95.0
2761,95.0
2762,-355.0
2763,-315.0
2764,95.0
2765,95.0
2766,-345.0
2767,95.0
2768,95.0
2769,42.0
2770,20.0
2771,95.0
2772,-350.0
2773,95.0
2774,95.0
2775,95.0
2776,95.0
2777,95.0
2778,95.0
2779,95.0
2780,95.0
2781,95.0
2782,95.0
2783,95.0
2784,-110.0
2785,-340.0
2786,95.0
2787,-320.0
2788,95.0
2789,95.0
2790,-390.0
2791,95.0
2792,-330.0
2793,-315.0
2794,47.0
2795,95.0
2796,76.0
2797,-315.0
2798,95.0
2799,-246.0
2800,-92.0
2801,95.0
2802,95.0
2803,83.0
2804,95.0
2805,95.0
2806,95.0
2807,95.0
2808,95.0
2809,76.0
2810,-300.0
2811,-335.0
2812,-345.0
2813,95.0
2814,-5.0
2815,-350.0
2816,-9.0
2817,95.0
2818,95.0
2819,-142.0
2820,-40.0
2821,76.0
2822,76.0
2823,49.0
2824,76.0
2825,-390.0
2826,95.0
2827,20.0
2828,95.0
2829,76.0
2830,95.0
2831,95.0
2832,-62.0
2833,95.0
2834,95.0
2835,76.0
2836,83.0
2837,-130.0
2838,-380.0
2839,95.0
2840,-390.0
2841,95.0
2842,-355.0
2843,-370.0
2844,95.0
2845,95.0
2846,-380.0
2847,49.0
2848,38.0
2849,76.0
2850,95.0
2851,-45.0
2852,95.0
2853,95.0
2854,57.0
2855,95.0
2856,95.0
2857,95.0
2858,95.0
2859,-355.0
2860,-104.0
2861,76.0
2862,-202.0
2863,95.0
2864,76.0
2865,-370.0
2866,-71.0
2867,95.0
2868,95.0
2869,95.0
2870,95.0
2871,95.0
2872,95.0
2873,95.0
2874,76.0
2875,95.0
2876,95.0
2877,-26.0
2878,95.0
2879,-400.0
2880,-320.0
2881,-140.0
2882,95.0
2883,38.0
2884,95.0
2885,-390.0
2886,95.0
2887,-395.0
2888,-365.0
2889,28.0
2890,95.0
2891,47.0
2892,95.0
2893,-390.0
2894,-380.0
2895,30.0
2896,-370.0
2897,95.0
2898,95.0
2899,95.0
2900,95.0
2901,95.0
2902,95.0
2903,14.0
2904,54.0
2905,-375.0
2906,95.0
2907,95.0
2908,47.0
2909,-141.0
2910,95.0
2911,95.0
2912,95.0
2913,95.0
2914,-370.0
2915,-400.0
2916,95.0
2917,95.0
2918,95.0
2919,95.0
2920,95.0
2921,28.0
2922,-64.0
2923,-380.0
2924,83.0
2925,95.0
2926,95.0
2927,-310.0
2928,-62.0
2929,-320.0
2930,95.0
2931,-325.0
2932,-18.0
2933,95.0
2934,95.0
2935,54.0
2936,-370.0
2937,95.0
2938,95.0
2939,-32.0
2940,95.0
2941,95.0
2942,95.0
2943,95.0
2944,95.0
2945,95.0
2946,95.0
2947,95.0
2948,83.0
2949,95.0
2950,95.0
2951,95.0
2952,25.0
2953,-365.0
2954,30.0
2955,-233.0
2956,95.0
2957,95.0
2958,95.0
2959,95.0
2960,-340.0
2961,95.0
2962,95.0
2963,95.0
2964,95.0
2965,-360.0
2966,45.0
2967,95.0
2968,95.0
2969,95.0
2970,19.0
2971,95.0
2972,-49.0
2973,95.0
2974,49.0
2975,95.0
2976,95.0
2977,57.0
2978,57.0
2979,95.0
2980,95.0
2981,95.0
2982,95.0
2983,95.0
2984,95.0
2985,95.0
2986,95.0
2987,47.0
2988,95.0
2989,95.0
2990,76.0
2991,95.0
2992,95.0
2993,95.0
2994,95.0
2995,-19.0
2996,76.0
2997,-395.0
2998,76.0
2999,95.0
3000,0.0
3001,95.0
3002,-5.0
3003,95.0
3004,38.0
3005,95.0
3006,57.0
3007,95.0
3008,-120.0
3009,95.0
3010,-395.0
3011,95.0
3012,95.0
3013,-128.0
3014,-390.0
3015,95.0
3016,95.0
3017,95.0
3018,95.0
3019,95.0
3020,28.0
3021,95.0
3022,95.0
3023,95.0
3024,95.0
3025,95.0
3026,57.0
3027,95.0
3028,95.0
3029,76.0
3030,95.0
3031,57.0
3032,95.0
3033,95.0
3034,-405.0
3035,95.0
3036,95.0
3037,38.0
3038,95.0
3039,57.0
3040,-400.0
3041,95.0
3042,95.0
3043,-400.0
3044,0.0
3045,95.0
3046,-400.0
3047,76.0
3048,95.0
3049,95.0
3050,-13.0
3051,57.0
3052,-57.0
3053,95.0
3054,-13.0
3055,-400.0
3056,95.0
3057,95.0
3058,95.0
3059,95.0
3060,38.0
3061,95.0
3062,95.0
3063,95.0
3064,-405.0
3065,-99.0
3066,-410.0
3067,-405.0
3068,76.0
3069,19.0
3070,95.0
3071,38.0
3072,64.0
3073,95.0
3074,-76.0
3075,76.0
3076,95.0
3077,57.0
3078,-76.0
3079,95.0
3080,95.0
3081,57.0
3082,95.0
3083,-405.0
3084,-183.0
3085,95.0
3086,-395.0
3087,95.0
3088,95.0
3089,76.0
3090,83.0
3091,95.0
3092,95.0
3093,95.0
3094,95.0
3095,95.0
3096,95.0
3097,-95.0
3098,19.0
3099,95.0
3100,83.0
3101,95.0
3102,95.0
3103,-400.0
3104,95.0
3105,-405.0
3106,-405.0
3107,-400.0
3108,95.0
3109,95.0
3110,95.0
3111,-19.0
3112,95.0
3113,38.0
3114,76.0
3115,40.0
3116,-325.0
3117,95.0
3118,-370.0
3119,95.0
3120,95.0
3121,95.0
3122,-385.0
3123,95.0
3124,76.0
3125,95.0
3126,95.0
3127,57.0
3128,95.0
3129,54.0
3130,95.0
3131,95.0
3132,-138.0
3133,54.0
3134,16.0
3135,95.0
3136,95.0
3137,-385.0
3138,95.0
3139,95.0
3140,95.0
3141,95.0
3142,-350.0
3143,6.0
3144,95.0
3145,-380.0
3146,-395.0
3147,76.0
3148,95.0
3149,95.0
3150,76.0
3151,76.0
3152,95.0
3153,76.0
3154,47.0
3155,95.0
3156,57.0
3157,95.0
3158,95.0
3159,95.0
3160,95.0
3161,47.0
3162,57.0
3163,-410.0
3164,95.0
3165,-405.0
3166,76.0
3167,95.0
3168,57.0
3169,-405.0
3170,76.0
3171,26.0
3172,95.0
3173,95.0
3174,95.0
3175,-20.0
3176,-405.0
3177,95.0
3178,64.0
3179,76.0
3180,95.0
3181,95.0
3182,95.0
3183,95.0
3184,83.0
3185,-410.0
3186,95.0
3187,-405.0
3188,95.0
3189,83.0
3190,95.0
3191,95.0
3192,-410.0
3193,-405.0
3194,95.0
3195,-105.0
3196,-400.0
3197,19.0
3198,95.0
3199,-400.0
3200,95.0
3201,-395.0
3202,35.0
3203,66.0
3204,-315.0
3205,95.0
3206,95.0
3207,76.0
3208,-335.0
3209,76.0
3210,95.0
3211,83.0
3212,-345.0
3213,95.0
3214,95.0
3215,95.0
3216,95.0
3217,95.0
3218,6.0
3219,95.0
3220,95.0
3221,66.0
3222,-360.0
3223,95.0
3224,95.0
3225,1.0
3226,95.0
3227,57.0
3228,38.0
3229,95.0
3230,95.0
3231,95.0
3232,95.0
3233,95.0
3234,95.0
3235,95.0
3236,95.0
3237,57.0
3238,66.0
3239,95.0
3240,95.0
3241,-355.0
3242,95.0
3243,7.0
3244,-375.0
3245,83.0
3246,95.0
3247,76.0
3248,26.0
3249,95.0
3250,95.0
3251,95.0
3252,95.0
3253,57.0
3254,95.0
3255,-400.0
3256,26.0
3257,95.0
3258,-370.0
3259,45.0
3260,95.0
3261,95.0
3262,76.0
3263,95.0
3264,76.0
3265,95.0
3266,95.0
3267,95.0
3268,95.0
3269,57.0
3270,-264.0
3271,-405.0
3272,76.0
3273,57.0
3274,95.0
3275,95.0
3276,95.0
3277,-400.0
3278,95.0
3279,95.0
3280,95.0
3281,-228.0
3282,95.0
3283,-50.0
3284,-56.0
3285,95.0
3286,95.0
3287,76.0
3288,95.0
3289,-68.0
3290,-345.0
3291,95.0
3292,95.0
3293,76.0
3294,-15.0
3295,-345.0
3296,83.0
3297,95.0
3298,76.0
3299,95.0
3300,95.0
3301,95.0
3302,95.0
3303,95.0
3304,83.0
3305,95.0
3306,59.0
3307,42.0
3308,95.0
3309,35.0
3310,95.0
3311,83.0
3312,95.0
3313,95.0
3314,26.0
3315,52.0
3316,26.0
3317,95.0
3318,95.0
3319,95.0
3320,26.0
3321,95.0
3322,-340.0
3323,95.0
3324,-370.0
3325,95.0
3326,35.0
3327,95.0
3328,76.0
3329,95.0
3330,95.0
3331,-240.0
3332,66.0
3333,-340.0
3334,95.0
3335,-350.0
3336,-315.0
3337,95.0
3338,95.0
3339,26.0
3340,95.0
3341,95.0
3342,95.0
3343,76.0
3344,-305.0
3345,-310.0
3346,-325.0
3347,95.0
3348,-55.0
3349,95.0
3350,95.0
3351,-24.0
3352,95.0
3353,95.0
3354,95.0
3355,95.0
3356,95.0
3357,-5.0
3358,47.0
3359,-345.0
3360,95.0
3361,-24.0
3362,95.0
3363,76.0
3364,95.0
3365,-24.0
3366,42.0
3367,83.0
3368,14.0
3369,95.0
3370,-3.0
3371,95.0
3372,95.0
3373,95.0
3374,38.0
3375,45.0
3376,95.0
3377,-98.0
3378,-57.0
3379,64.0
3380,95.0
3381,95.0
3382,95.0
3383,40.0
3384,95.0
3385,95.0
3386,95.0
3387,95.0
3388,95.0
3389,71.0
3390,95.0
3391,95.0
3392,95.0
3393,95.0
3394,95.0
3395,-320.0
3396,95.0
3397,71.0
3398,95.0
3399,-385.0
3400,76.0
3401,54.0
3402,-68.0
3403,95.0
3404,54.0
3405,95.0
3406,95.0
3407,76.0
3408,64.0
3409,95.0
3410,-385.0
3411,95.0
3412,95.0
3413,14.0
3414,76.0
3415,-10.0
3416,95.0
3417,95.0
3418,-81.0
3419,95.0
3420,95.0
3421,64.0
3422,26.0
3423,-41.0
3424,-131.0
3425,95.0
3426,76.0
3427,95.0
3428,95.0
3429,95.0
3430,95.0
3431,52.0
3432,95.0
3433,95.0
3434,95.0
3435,95.0
3436,83.0
3437,95.0
3438,83.0
3439,52.0
3440,64.0
3441,95.0
3442,-375.0
3443,95.0
3444,95.0
3445,28.0
3446,95.0
3447,95.0
3448,95.0
3449,64.0
3450,95.0
3451,76.0
3452,14.0
3453,76.0
3454,-212.0
3455,95.0
3456,95.0
3457,95.0
3458,95.0
3459,95.0
3460,47.0
3461,-41.0
3462,95.0
3463,95.0
3464,-10.0
3465,76.0
3466,95.0
3467,40.0
3468,95.0
3469,95.0
3470,-380.0
3471,95.0
3472,-115.0
3473,95.0
3474,71.0
3475,-5.0
3476,95.0
3477,-31.0
3478,95.0
3479,95.0
3480,95.0
3481,95.0
3482,95.0
3483,95.0
3484,95.0
3485,-19.0
3486,95.0
3487,76.0
3488,95.0
3489,76.0
3490,38.0
3491,-109.0
3492,66.0
3493,95.0
3494,54.0
3495,95.0
3496,64.0
3497,95.0
3498,76.0
3499,1.0
3500,95.0
3501,-61.0
3502,54.0
3503,95.0
3504,95.0
3505,95.0
3506,76.0
3507,-42.0
3508,95.0
3509,64.0
3510,-390.0
3511,57.0
3512,83.0
3513,-169.0
3514,38.0
3515,95.0
3516,95.0
3517,95.0
3518,76.0
3519,95.0
3520,-174.0
3521,95.0
3522,95.0
3523,-31.0
3524,26.0
3525,95.0
3526,0.0
3527,57.0
3528,30.0
3529,95.0
3530,95.0
3531,57.0
3532,95.0
3533,95.0
3534,95.0
3535,95.0
3536,-91.0
3537,95.0
3538,95.0
3539,95.0
3540,-19.0
3541,16.0
3542,95.0
3543,95.0
3544,95.0
3545,-5.0
3546,-141.0
3547,95.0
3548,95.0
3549,-5.0
3550,95.0
3551,95.0
3552,76.0
3553,71.0
3554,64.0
3555,26.0
3556,95.0
3557,95.0
3558,95.0
3559,76.0
3560,76.0
3561,-57.0
3562,95.0
3563,95.0
3564,76.0
3565,95.0
3566,76.0
3567,95.0
3568,95.0
3569,95.0
3570,95.0
3571,95.0
3572,-8.0
3573,95.0
3574,14.0
3575,-410.0
3576,95.0
3577,95.0
3578,95.0
3579,83.0
3580,-105.0
3581,-265.0
3582,95.0
3583,-60.0
3584,95.0
3585,95.0
3586,95.0
3587,83.0
3588,95.0
3589,95.0
3590,95.0
3591,66.0
3592,95.0
3593,40.0
3594,95.0
3595,14.0
3596,95.0
3597,95.0
3598,95.0
3599,95.0
3600,95.0
3601,95.0
3602,47.0
3603,26.0
3604,76.0
3605,38.0
3606,76.0
3607,95.0
3608,95.0
3609,95.0
3610,95.0
3611,95.0
3612,95.0
3613,95.0
3614,95.0
3615,76.0
3616,-273.0
3617,76.0
3618,95.0
3619,-123.0
3620,95.0
3621,95.0
3622,64.0
3623,95.0
3624,95.0
3625,95.0
3626,95.0
3627,54.0
3628,38.0
3629,83.0
3630,95.0
3631,95.0
3632,95.0
3633,38.0
3634,95.0
3635,95.0
3636,95.0
3637,95.0
3638,95.0
3639,95.0
3640,95.0
3641,95.0
3642,38.0
3643,26.0
3644,83.0
3645,-24.0
3646,-43.0
3647,71.0
3648,2.0
3649,95.0
3650,7.0
3651,95.0
3652,95.0
3653,-405.0
3654,76.0
3655,95.0
3656,76.0
3657,95.0
3658,57.0
3659,95.0
3660,30.0
3661,76.0
3662,-12.0
3663,95.0
3664,38.0
3665,-5.0
3666,95.0
3667,57.0
3668,95.0
3669,95.0
3670,-405.0
3671,95.0
3672,14.0
3673,38.0
3674,-395.0
3675,1.0
3676,38.0
3677,95.0
3678,-143.0
3679,95.0
3680,95.0
3681,95.0
3682,-12.0
3683,26.0
3684,83.0
3685,-43.0
3686,26.0
3687,95.0
3688,76.0
3689,95.0
3690,95.0
3691,76.0
3692,95.0
3693,95.0
3694,57.0
3695,13.0
3696,-50.0
3697,95.0
3698,76.0
3699,95.0
3700,-43.0
3701,95.0
3702,-89.0
3703,-257.0
3704,57.0
3705,-24.0
3706,95.0
3707,57.0
3708,-375.0
3709,95.0
3710,95.0
3711,76.0
3712,95.0
3713,95.0
3714,95.0
3715,95.0
3716,95.0
3717,95.0
3718,28.0
3719,64.0
3720,57.0
3721,95.0
3722,-12.0
3723,95.0
3724,95.0
3725,95.0
3726,95.0
3727,95.0
3728,95.0
3729,-48.0
3730,95.0
3731,-43.0
3732,95.0
3733,95.0
3734,83.0
3735,95.0
3736,95.0
3737,95.0
3738,95.0
3739,95.0
3740,95.0
3741,57.0
3742,95.0
3743,-395.0
3744,76.0
3745,-410.0
3746,95.0
3747,26.0
3748,95.0
3749,-385.0
3750,95.0
3751,95.0
3752,54.0
3753,76.0
3754,-24.0
3755,57.0
3756,95.0
3757,-208.0
3758,95.0
3759,95.0
3760,-81.0
3761,-62.0
3762,-38.0
3763,95.0
3764,95.0
3765,95.0
3766,71.0
3767,42.0
3768,95.0
3769,71.0
3770,95.0
3771,-252.0
3772,95.0
3773,95.0
3774,95.0
3775,-115.0
3776,95.0
3777,95.0
3778,57.0
3779,76.0
3780,95.0
3781,95.0
3782,95.0
3783,95.0
3784,95.0
3785,95.0
3786,95.0
3787,95.0
3788,95.0
3789,95.0
3790,95.0
3791,71.0
3792,95.0
3793,95.0
3794,-29.0
3795,64.0
3796,95.0
3797,95.0
3798,71.0
3799,83.0
3800,0.0
3801,95.0
3802,26.0
3803,95.0
3804,95.0
3805,95.0
3806,76.0
3807,76.0
3808,-67.0
3809,26.0
3810,95.0
3811,49.0
3812,95.0
3813,35.0
3814,95.0
3815,95.0
3816,95.0
3817,-390.0
3818,52.0
3819,95.0
3820,95.0
3821,38.0
3822,76.0
3823,76.0
3824,95.0
3825,38.0
3826,95.0
3827,95.0
3828,95.0
3829,71.0
3830,76.0
3831,95.0
3832,95.0
3833,95.0
3834,54.0
3835,95.0
3836,28.0
3837,95.0
3838,95.0
3839,-112.0
3840,64.0
3841,76.0
3842,95.0
3843,71.0
3844,95.0
3845,-380.0
3846,95.0
3847,-355.0
3848,95.0
3849,95.0
3850,83.0
3851,-61.0
3852,95.0
3853,76.0
3854,95.0
3855,95.0
3856,95.0
3857,76.0
3858,30.0
3859,76.0
3860,26.0
3861,95.0
3862,71.0
3863,54.0
3864,-19.0
3865,95.0
3866,57.0
3867,76.0
3868,95.0
3869,95.0
3870,26.0
3871,95.0
3872,95.0
3873,-380.0
3874,95.0
3875,18.0
3876,95.0
3877,-370.0
3878,95.0
3879,95.0
3880,76.0
3881,33.0
3882,76.0
3883,95.0
3884,95.0
3885,95.0
3886,95.0
3887,-12.0
3888,95.0
3889,95.0
3890,95.0
3891,95.0
3892,-370.0
3893,95.0
3894,95.0
3895,-375.0
3896,76.0
3897,95.0
3898,-360.0
3899,95.0
3900,-375.0
3901,95.0
3902,95.0
3903,95.0
3904,95.0
3905,-138.0
3906,95.0
3907,71.0
3908,95.0
3909,76.0
3910,54.0
3911,95.0
3912,33.0
3913,95.0
3914,95.0
3915,95.0
3916,95.0
3917,54.0
3918,95.0
3919,76.0
3920,95.0
3921,95.0
3922,76.0
3923,71.0
3924,95.0
3925,95.0
3926,83.0
3927,-162.0
3928,83.0
3929,0.0
3930,95.0
3931,95.0
3932,95.0
3933,-99.0
3934,76.0
3935,26.0
3936,83.0
3937,38.0
3938,37.0
3939,76.0
3940,95.0
3941,95.0
3942,95.0
3943,95.0
3944,-360.0
3945,-64.0
3946,95.0
3947,26.0
3948,37.0
3949,95.0
3950,95.0
3951,95.0
3952,71.0
3953,95.0
3954,95.0
3955,33.0
3956,95.0
3957,71.0
3958,76.0
3959,95.0
3960,95.0
3961,95.0
3962,54.0
3963,64.0
3964,95.0
3965,59.0
3966,83.0
3967,3.0
3968,-370.0
3969,54.0
3970,95.0
3971,95.0
3972,95.0
3973,95.0
3974,95.0
3975,95.0
3976,95.0
3977,54.0
3978,-365.0
3979,95.0
3980,95.0
3981,71.0
3982,52.0
3983,95.0
3984,76.0
3985,95.0
3986,95.0
3987,71.0
3988,95.0
3989,54.0
3990,95.0
3991,95.0
3992,-370.0
3993,71.0
3994,71.0
3995,0.0
3996,95.0
3997,95.0
3998,-36.0
3999,95.0
4000,83.0
4001,95.0
4002,95.0
4003,95.0
4004,95.0
4005,95.0
4006,59.0
4007,95.0
4008,95.0
4009,71.0
4010,52.0
4011,95.0
4012,71.0
4013,95.0
4014,26.0
4015,95.0
4016,95.0
4017,95.0
4018,26.0
4019,95.0
4020,71.0
4021,76.0
4022,95.0
4023,71.0
4024,-205.0
4025,-86.0
4026,95.0
4027,-117.0
4028,76.0
4029,7.0
4030,95.0
4031,71.0
4032,95.0
4033,95.0
4034,95.0
4035,95.0
4036,95.0
4037,95.0
4038,95.0
4039,9.0
4040,59.0
4041,95.0
4042,95.0
4043,95.0
4044,95.0
4045,83.0
4046,-320.0
4047,95.0
4048,95.0
4049,95.0
4050,95.0
4051,71.0
4052,71.0
4053,95.0
4054,95.0
4055,95.0
4056,95.0
4057,11.0
4058,83.0
4059,52.0
4060,54.0
4061,95.0
4062,-325.0
4063,76.0
4064,-320.0
4065,71.0
4066,-88.0
4067,54.0
4068,95.0
4069,-12.0
4070,59.0
4071,95.0
4072,95.0
4073,26.0
4074,76.0
4075,71.0
4076,95.0
4077,66.0
4078,95.0
4079,83.0
4080,95.0
4081,71.0
4082,95.0
4083,-350.0
4084,64.0
4085,95.0
4086,52.0
4087,64.0
4088,95.0
4089,71.0
4090,76.0
4091,71.0
4092,95.0
4093,83.0
4094,64.0
4095,71.0
4096,95.0
4097,95.0
4098,71.0
4099,95.0
4100,95.0
4101,95.0
4102,95.0
4103,52.0
4104,95.0
4105,47.0
4106,71.0
4107,95.0
4108,-161.0
4109,95.0
4110,95.0
4111,95.0
4112,95.0
4113,95.0
4114,95.0
4115,95.0
4116,26.0
4117,95.0
4118,95.0
4119,95.0
4120,95.0
4121,76.0
4122,-310.0
4123,95.0
4124,95.0
4125,28.0
4126,-345.0
4127,95.0
4128,95.0
4129,95.0
4130,95.0
4131,95.0
4132,-11.0
4133,52.0
4134,-320.0
4135,95.0
4136,95.0
4137,59.0
4138,95.0
4139,-315.0
4140,-310.0
4141,95.0
4142,71.0
4143,95.0
4144,-315.0
4145,71.0
4146,71.0
4147,71.0
4148,83.0
4149,71.0
4150,95.0
4151,1.0
4152,95.0
4153,83.0
4154,71.0
4155,71.0
4156,35.0
4157,83.0
4158,95.0
4159,95.0
4160,95.0
4161,95.0
4162,-13.0
4163,95.0
4164,83.0
4165,76.0
4166,83.0
4167,-315.0
4168,95.0
4169,83.0
4170,95.0
4171,95.0
4172,-90.0
4173,-330.0
4174,71.0
4175,-325.0
4176,95.0
4177,-310.0
4178,-315.0
4179,95.0
4180,95.0
4181,1.0
4182,1.0
4183,57.0
4184,95.0
4185,95.0
4186,59.0
4187,95.0
4188,95.0
4189,95.0
4190,95.0
4191,95.0
4192,95.0
4193,95.0
4194,95.0
4195,59.0
4196,95.0
4197,95.0
4198,71.0
4199,95.0
4200,-320.0
4201,-320.0
4202,95.0
4203,71.0
4204,95.0
4205,95.0
4206,95.0
4207,59.0
4208,59.0
4209,95.0
4210,-11.0
4211,-310.0
4212,95.0
4213,95.0
4214,95.0
4215,-325.0
4216,95.0
4217,95.0
4218,-310.0
4219,95.0
4220,-31.0
4221,95.0
4222,38.0
4223,71.0
4224,95.0
4225,95.0
4226,95.0
4227,95.0
4228,95.0
4229,-315.0
4230,-305.0
4231,83.0
4232,95.0
4233,8.0
4234,95.0
4235,95.0
4236,59.0
4237,95.0
4238,95.0
4239,26.0
4240,95.0
4241,83.0
4242,95.0
4243,95.0
4244,95.0
4245,64.0
4246,95.0
4247,95.0
4248,83.0
4249,-315.0
4250,95.0
4251,95.0
4252,-315.0
4253,95.0
4254,95.0
4255,95.0
4256,95.0
4257,76.0
4258,83.0
4259,59.0
4260,95.0
4261,95.0
4262,95.0
4263,66.0
4264,95.0
4265,95.0
4266,95.0
4267,95.0
4268,95.0
4269,95.0
4270,95.0
4271,-320.0
4272,95.0
4273,76.0
4274,95.0
4275,-320.0
4276,95.0
4277,47.0
4278,95.0
4279,59.0
4280,52.0
4281,95.0
4282,95.0
4283,95.0
4284,95.0
4285,71.0
4286,83.0
4287,95.0
4288,-340.0
4289,71.0
4290,76.0
4291,71.0
4292,-88.0
4293,95.0
4294,95.0
4295,-47.0
4296,83.0
4297,-330.0
4298,95.0
4299,95.0
4300,76.0
4301,95.0
4302,95.0
4303,95.0
4304,95.0
4305,83.0
4306,95.0
4307,-93.0
4308,38.0
4309,76.0
4310,-325.0
4311,95.0
4312,95.0
4313,95.0
4314,59.0
4315,54.0
4316,95.0
4317,95.0
4318,95.0
4319,-115.0
4320,76.0
4321,95.0
4322,95.0
4323,95.0
4324,52.0
4325,-117.0
4326,95.0
4327,95.0
4328,95.0
4329,-325.0
4330,71.0
4331,-78.0
4332,95.0
4333,95.0
4334,95.0
4335,95.0
4336,95.0
4337,95.0
4338,71.0
4339,-71.0
4340,95.0
4341,95.0
4342,95.0
4343,95.0
4344,-227.0
4345,-77.0
4346,71.0
4347,71.0
4348,59.0
4349,-61.0
4350,52.0
4351,76.0
4352,95.0
4353,95.0
4354,95.0
4355,95.0
4356,95.0
4357,95.0
4358,95.0
4359,95.0
4360,95.0
4361,-20.0
4362,76.0
4363,95.0
4364,83.0
4365,95.0
4366,71.0
4367,95.0
4368,95.0
4369,95.0
4370,38.0
4371,71.0
4372,95.0
4373,-310.0
4374,95.0
4375,95.0
4376,38.0
4377,95.0
4378,83.0
4379,71.0
4380,-19.0
4381,95.0
4382,95.0
4383,52.0
4384,23.0
4385,95.0
4386,95.0
4387,95.0
4388,52.0
4389,95.0
4390,47.0
4391,54.0
4392,95.0
4393,95.0
4394,95.0
4395,64.0
4396,-178.0
4397,95.0
4398,95.0
4399,95.0
4400,95.0
4401,83.0
4402,95.0
4403,95.0
4404,95.0
4405,95.0
4406,-114.0
4407,95.0
4408,47.0
4409,95.0
4410,95.0
4411,95.0
4412,52.0
4413,-40.0
4414,95.0
4415,95.0
4416,95.0
4417,95.0
4418,95.0
4419,95.0
4420,76.0
4421,95.0
4422,95.0
4423,95.0
4424,95.0
4425,95.0
4426,71.0
4427,-80.0
4428,83.0
4429,95.0
4430,95.0
4431,45.0
4432,95.0
4433,95.0
4434,95.0
4435,47.0
4436,-27.0
4437,95.0
4438,95.0
4439,-59.0
4440,95.0
4441,95.0
4442,37.0
4443,95.0
4444,95.0
4445,40.0
4446,30.0
4447,71.0
4448,95.0
4449,26.0
4450,-6.0
4451,95.0
4452,95.0
4453,95.0
4454,30.0
4455,95.0
4456,95.0
4457,95.0
4458,30.0
4459,71.0
4460,95.0
4461,42.0
4462,95.0
4463,83.0
4464,95.0
4465,95.0
4466,95.0
4467,95.0
4468,64.0
4469,47.0
4470,95.0
4471,26.0
4472,95.0
4473,-330.0
4474,76.0
4475,83.0
4476,83.0
4477,95.0
4478,83.0
4479,83.0
4480,95.0
4481,95.0
4482,45.0
4483,71.0
4484,95.0
4485,95.0
4486,95.0
4487,76.0
4488,95.0
4489,83.0
4490,-20.0
4491,95.0
4492,95.0
4493,95.0
4494,83.0
4495,-10.0
4496,71.0
4497,71.0
4498,95.0
4499,95.0
4500,71.0
4501,95.0
4502,-186.0
4503,83.0
4504,95.0
4505,71.0
4506,54.0
4507,-11.0
4508,64.0
4509,64.0
4510,59.0
4511,95.0
4512,95.0
4513,95.0
4514,66.0
4515,71.0
4516,26.0
4517,76.0
4518,95.0
4519,95.0
4520,95.0
4521,95.0
4522,83.0
4523,26.0
4524,95.0
4525,95.0
4526,95.0
4527,71.0
4528,95.0
4529,6.0
4530,95.0
4531,71.0
4532,95.0
4533,83.0
4534,95.0
4535,-6.0
4536,76.0
4537,47.0
4538,83.0
4539,-19.0
4540,59.0
4541,95.0
4542,95.0
4543,-5.0
4544,95.0
4545,95.0
4546,54.0
4547,95.0
4548,95.0
4549,64.0
4550,-27.0
4551,38.0
4552,23.0
4553,95.0
4554,95.0
4555,95.0
4556,95.0
4557,95.0
4558,95.0
4559,30.0
4560,95.0
4561,4.0
4562,83.0
4563,38.0
4564,95.0
4565,83.0
4566,95.0
4567,83.0
4568,95.0
4569,95.0
4570,95.0
4571,9.0
4572,52.0
4573,95.0
4574,95.0
4575,95.0
4576,95.0
4577,71.0
4578,95.0
4579,95.0
4580,95.0
4581,95.0
4582,13.0
4583,95.0
4584,23.0
4585,95.0
4586,21.0
4587,-19.0
4588,95.0
4589,95.0
4590,95.0
4591,95.0
4592,19.0
4593,95.0
4594,95.0
4595,83.0
4596,95.0
4597,83.0
4598,95.0
4599,71.0
4600,45.0
4601,14.0
4602,95.0
4603,64.0
4604,-19.0
4605,83.0
4606,95.0
4607,95.0
4608,-6.0
4609,59.0
4610,23.0
4611,83.0
4612,95.0
4613,71.0
4614,76.0
4615,59.0
4616,95.0
4617,83.0
4618,-203.0
4619,76.0
4620,95.0
4621,26.0
4622,35.0
4623,95.0
4624,95.0
4625,52.0
4626,95.0
4627,95.0
4628,95.0
4629,64.0
4630,71.0
4631,71.0
4632,95.0
4633,95.0
4634,95.0
4635,83.0
4636,95.0
4637,95.0
4638,95.0
4639,66.0
4640,95.0
4641,71.0
4642,83.0
4643,95.0
4644,52.0
4645,95.0
4646,95.0
4647,95.0
4648,95.0
4649,95.0
4650,95.0
4651,95.0
4652,95.0
4653,95.0
4654,83.0
4655,83.0
4656,59.0
4657,76.0
4658,95.0
4659,76.0
4660,95.0
4661,95.0
4662,95.0
4663,83.0
4664,66.0
4665,95.0
4666,95.0
4667,95.0
4668,-20.0
4669,76.0
4670,95.0
4671,95.0
4672,30.0
4673,76.0
4674,95.0
4675,95.0
4676,28.0
4677,95.0
4678,95.0
4679,95.0
4680,-19.0
4681,95.0
4682,64.0
4683,59.0
4684,71.0
4685,95.0
4686,95.0
4687,95.0
4688,95.0
4689,-49.0
4690,95.0
4691,52.0
4692,95.0
4693,95.0
4694,95.0
4695,95.0
4696,59.0
4697,71.0
4698,95.0
4699,95.0
4700,71.0
4701,35.0
4702,54.0
4703,83.0
4704,59.0
4705,95.0
4706,95.0
4707,64.0
4708,95.0
4709,95.0
4710,52.0
4711,95.0
4712,-100.0
4713,95.0
4714,-61.0
4715,-44.0
4716,76.0
4717,57.0
4718,95.0
4719,83.0
4720,95.0
4721,95.0
4722,95.0
4723,59.0
4724,95.0
4725,95.0
4726,71.0
4727,95.0
4728,95.0
4729,95.0
4730,95.0
4731,71.0
4732,95.0
4733,71.0
4734,83.0
4735,71.0
4736,76.0
4737,71.0
4738,95.0
4739,95.0
4740,95.0
4741,95.0
4742,71.0
4743,26.0
4744,95.0
4745,95.0
4746,95.0
4747,83.0
4748,76.0
4749,76.0
4750,95.0
4751,95.0
4752,95.0
4753,95.0
4754,95.0
4755,95.0
4756,95.0
4757,71.0
4758,95.0
4759,71.0
4760,2.0
4761,95.0
4762,95.0
4763,-60.0
4764,95.0
4765,38.0
4766,-30.0
4767,83.0
4768,95.0
4769,23.0
4770,95.0
4771,95.0
4772,13.0
4773,95.0
4774,47.0
4775,95.0
4776,16.0
4777,83.0
4778,71.0
4779,83.0
4780,95.0
4781,49.0
4782,52.0
4783,83.0
4784,83.0
4785,71.0
4786,95.0
4787,95.0
4788,95.0
4789,95.0
4790,95.0
4791,95.0
4792,59.0
4793,76.0
4794,83.0
4795,71.0
4796,-37.0
4797,-30.0
4798,95.0
4799,52.0
4800,95.0
4801,95.0
4802,95.0
4803,64.0
4804,95.0
4805,66.0
4806,95.0
4807,95.0
4808,95.0
4809,76.0
4810,71.0
4811,95.0
4812,40.0
4813,26.0
4814,83.0
4815,95.0
4816,35.0
4817,95.0
4818,83.0
4819,83.0
4820,95.0
4821,71.0
4822,52.0
4823,83.0
4824,95.0
4825,64.0
4826,52.0
4827,95.0
4828,83.0
4829,95.0
4830,95.0
4831,76.0
4832,95.0
4833,71.0
4834,95.0
4835,95.0
4836,95.0
4837,95.0
4838,71.0
4839,95.0
4840,76.0
4841,95.0
4842,71.0
4843,95.0
4844,95.0
4845,83.0
4846,52.0
4847,52.0
4848,71.0
4849,71.0
4850,83.0
4851,83.0
4852,95.0
4853,26.0
4854,95.0
4855,83.0
4856,-3.0
4857,40.0
4858,95.0
4859,95.0
4860,95.0
4861,95.0
4862,95.0
4863,95.0
4864,95.0
4865,95.0
4866,95.0
4867,95.0
4868,71.0
4869,40.0
4870,71.0
4871,20.0
4872,95.0
4873,95.0
4874,95.0
4875,95.0
4876,59.0
4877,-28.0
4878,35.0
4879,95.0
4880,26.0
4881,83.0
4882,95.0
4883,54.0
4884,83.0
4885,95.0
4886,95.0
4887,95.0
4888,95.0
4889,95.0
4890,95.0
4891,95.0
4892,95.0
4893,95.0
4894,95.0
4895,95.0
4896,95.0
4897,95.0
4898,95.0
4899,95.0
4900,95.0
4901,71.0
4902,71.0
4903,95.0
4904,95.0
4905,95.0
4906,95.0
4907,59.0
4908,95.0
4909,71.0
4910,52.0
4911,95.0
4912,95.0
4913,95.0
4914,-16.0
4915,95.0
4916,95.0
4917,83.0
4918,83.0
4919,95.0
4920,-35.0
4921,95.0
4922,64.0
4923,95.0
4924,-29.0
4925,-55.0
4926,47.0
4927,95.0
4928,95.0
4929,95.0
4930,52.0
4931,71.0
4932,83.0
4933,71.0
4934,-45.0
4935,83.0
4936,71.0
4937,95.0
4938,95.0
4939,83.0
4940,47.0
4941,95.0
4942,71.0
4943,-35.0
4944,95.0
4945,95.0
4946,95.0
4947,-23.0
4948,95.0
4949,95.0
4950,95.0
4951,59.0
4952,71.0
4953,71.0
4954,95.0
4955,-30.0
4956,95.0
4957,71.0
4958,71.0
4959,95.0
4960,52.0
4961,95.0
4962,95.0
4963,95.0
4964,95.0
4965,37.0
4966,35.0
4967,95.0
4968,83.0
4969,26.0
4970,95.0
4971,95.0
4972,52.0
4973,59.0
4974,-59.0
4975,38.0
4976,95.0
4977,71.0
4978,95.0
4979,95.0
4980,95.0
4981,64.0
4982,95.0
4983,95.0
4984,66.0
4985,71.0
4986,83.0
4987,95.0
4988,37.0
4989,95.0
4990,-98.0
4991,-73.0
4992,95.0
4993,95.0
4994,95.0
4995,95.0
4996,49.0
4997,83.0
4998,76.0
4999,64.0
5000,95.0
5001,95.0
5002,71.0
5003,95.0
5004,95.0
5005,35.0
5006,95.0
5007,76.0
5008,95.0
5009,95.0
5010,95.0
5011,95.0
5012,95.0
5013,95.0
5014,95.0
5015,95.0
5016,95.0
5017,95.0
5018,95.0
5019,71.0
5020,95.0
5021,71.0
5022,71.0
5023,95.0
5024,95.0
5025,95.0
5026,42.0
5027,9.0
5028,95.0
5029,71.0
5030,95.0
5031,95.0
5032,95.0
5033,95.0
5034,95.0
5035,83.0
5036,95.0
5037,95.0
5038,95.0
5039,95.0
5040,95.0
5041,95.0
5042,95.0
5043,95.0
5044,52.0
5045,95.0
5046,59.0
5047,95.0
5048,95.0
5049,83.0
5050,95.0
5051,95.0
5052,71.0
5053,95.0
5054,71.0
5055,95.0
5056,95.0
5057,95.0
5058,52.0
5059,95.0
5060,95.0
5061,95.0
5062,59.0
5063,95.0
5064,95.0
5065,71.0
5066,83.0
5067,71.0
5068,59.0
5069,-37.0
5070,95.0
5071,83.0
5072,95.0
5073,95.0
5074,95.0
5075,95.0
5076,95.0
5077,59.0
5078,95.0
5079,95.0
5080,95.0
5081,71.0
5082,-6.0
5083,-40.0
5084,37.0
5085,71.0
5086,52.0
5087,95.0
5088,95.0
5089,71.0
5090,95.0
5091,52.0
5092,1.0
5093,71.0
5094,95.0
5095,95.0
5096,95.0
5097,95.0
5098,95.0
5099,95.0
5100,95.0
5101,95.0
5102,95.0
5103,95.0
5104,95.0
5105,49.0
5106,95.0
5107,95.0
5108,95.0
5109,95.0
5110,95.0
5111,95.0
5112,95.0
5113,95.0
5114,-33.0
5115,95.0
5116,95.0
5117,95.0
5118,95.0
5119,71.0
5120,40.0
5121,-23.0
5122,83.0
5123,25.0
5124,71.0
5125,71.0
5126,25.0
5127,71.0
5128,95.0
5129,95.0
5130,95.0
5131,64.0
5132,95.0
5133,95.0
5134,95.0
5135,83.0
5136,33.0
5137,52.0
5138,95.0
5139,95.0
5140,95.0
5141,95.0
5142,95.0
5143,-83.0
5144,95.0
5145,95.0
5146,95.0
5147,95.0
5148,95.0
5149,52.0
5150,95.0
5151,95.0
5152,95.0
5153,95.0
5154,95.0
5155,71.0
5156,95.0
5157,95.0
5158,33.0
5159,95.0
5160,95.0
5161,71.0
5162,95.0
5163,95.0
5164,95.0
5165,71.0
5166,83.0
5167,83.0
5168,71.0
5169,95.0
5170,95.0
5171,71.0
5172,47.0
5173,35.0
5174,95.0
5175,95.0
5176,37.0
5177,83.0
5178,95.0
5179,95.0
5180,95.0
5181,95.0
5182,95.0
5183,95.0
5184,95.0
5185,95.0
5186,47.0
5187,95.0
5188,95.0
5189,83.0
5190,95.0
5191,49.0
5192,26.0
5193,52.0
5194,95.0
5195,95.0
5196,95.0
5197,95.0
5198,71.0
5199,40.0
5200,33.0
5201,95.0
5202,95.0
5203,71.0
5204,59.0
5205,76.0
5206,95.0
5207,83.0
5208,59.0
5209,95.0
5210,95.0
5211,30.0
5212,40.0
5213,95.0
5214,95.0
5215,95.0
5216,71.0
5217,95.0
5218,95.0
5219,71.0
5220,95.0
5221,95.0
5222,26.0
5223,40.0
5224,83.0
5225,95.0
5226,95.0
5227,52.0
5228,35.0
5229,71.0
5230,-42.0
5231,52.0
5232,95.0
5233,71.0
5234,95.0
5235,95.0
5236,83.0
5237,95.0
5238,95.0
5239,95.0
5240,71.0
5241,83.0
5242,95.0
5243,95.0
5244,71.0
5245,59.0
5246,95.0
5247,95.0
5248,95.0
5249,95.0
5250,95.0
5251,54.0
5252,83.0
5253,64.0
5254,95.0
5255,95.0
5256,76.0
5257,71.0
5258,45.0
5259,76.0
5260,95.0
5261,95.0
5262,95.0
5263,83.0
5264,95.0
5265,83.0
5266,95.0
5267,83.0
5268,95.0
5269,52.0
5270,95.0
5271,95.0
5272,71.0
5273,95.0
5274,66.0
5275,95.0
5276,95.0
5277,20.0
5278,95.0
5279,95.0
5280,95.0
5281,95.0
5282,95.0
5283,95.0
5284,95.0
5285,52.0
5286,95.0
5287,83.0
5288,95.0
5289,52.0
5290,95.0
5291,26.0
5292,95.0
5293,95.0
5294,95.0
5295,71.0
5296,52.0
5297,95.0
5298,38.0
5299,95.0
5300,95.0
5301,95.0
5302,76.0
5303,71.0
5304,83.0
5305,45.0
5306,71.0
5307,95.0
5308,95.0
5309,71.0
5310,95.0
5311,59.0
5312,95.0
5313,95.0
5314,95.0
5315,83.0
5316,95.0
5317,95.0
5318,95.0
5319,95.0
5320,95.0
5321,95.0
5322,83.0
5323,71.0
5324,95.0
5325,95.0
5326,95.0
5327,33.0
5328,95.0
5329,71.0
5330,83.0
5331,95.0
5332,42.0
5333,95.0
5334,52.0
5335,95.0
5336,47.0
5337,71.0
5338,52.0
5339,76.0
5340,95.0
5341,95.0
5342,95.0
5343,83.0
5344,83.0
5345,95.0
5346,95.0
5347,83.0
5348,76.0
5349,95.0
5350,95.0
5351,59.0
5352,95.0
5353,95.0
5354,59.0
5355,95.0
5356,95.0
5357,52.0
5358,95.0
5359,71.0
5360,95.0
5361,52.0
5362,83.0
5363,95.0
5364,95.0
5365,95.0
5366,95.0
5367,83.0
5368,95.0
5369,71.0
5370,59.0
5371,95.0
5372,95.0
5373,95.0
5374,83.0
5375,95.0
5376,76.0
5377,95.0
5378,54.0
5379,83.0
5380,95.0
5381,95.0
5382,95.0
5383,95.0
5384,71.0
5385,95.0
5386,1.0
5387,95.0
5388,25.0
5389,95.0
5390,95.0
5391,83.0
5392,95.0
5393,95.0
5394,71.0
5395,83.0
5396,95.0
5397,95.0
5398,95.0
5399,95.0
5400,95.0
5401,95.0
5402,95.0
5403,59.0
5404,95.0
5405,76.0
5406,95.0
5407,95.0
5408,95.0
5409,95.0
5410,95.0
5411,71.0
5412,95.0
5413,95.0
5414,95.0
5415,71.0
5416,26.0
5417,76.0
5418,95.0
5419,71.0
5420,95.0
5421,59.0
5422,95.0
5423,14.0
5424,83.0
5425,71.0
5426,95.0
5427,95.0
5428,66.0
5429,95.0
5430,52.0
5431,71.0
5432,95.0
5433,95.0
5434,95.0
5435,95.0
5436,83.0
5437,95.0
5438,95.0
5439,71.0
5440,95.0
5441,71.0
5442,83.0
5443,95.0
5444,52.0
5445,95.0
5446,95.0
5447,95.0
5448,66.0
5449,95.0
5450,23.0
5451,76.0
5452,95.0
5453,83.0
5454,95.0
5455,95.0
5456,83.0
5457,95.0
5458,71.0
5459,8.0
5460,95.0
5461,95.0
5462,83.0
5463,52.0
5464,54.0
5465,95.0
5466,95.0
5467,95.0
5468,71.0
5469,95.0
5470,95.0
5471,95.0
5472,95.0
5473,95.0
5474,52.0
5475,30.0
5476,76.0
5477,26.0
5478,71.0
5479,95.0
5480,83.0
5481,59.0
5482,95.0
5483,33.0
5484,95.0
5485,95.0
5486,71.0
5487,95.0
5488,95.0
5489,83.0
5490,37.0
5491,71.0
5492,95.0
5493,95.0
5494,71.0
5495,52.0
5496,95.0
5497,95.0
5498,20.0
5499,95.0
5500,59.0
5501,71.0
5502,54.0
5503,71.0
5504,71.0
5505,95.0
5506,83.0
5507,95.0
5508,33.0
5509,95.0
5510,95.0
5511,95.0
5512,66.0
5513,95.0
5514,33.0
5515,54.0
5516,95.0
5517,95.0
5518,95.0
5519,95.0
5520,76.0
5521,95.0
5522,54.0
5523,71.0
5524,95.0
5525,83.0
5526,95.0
5527,20.0
5528,42.0
5529,71.0
5530,95.0
5531,23.0
5532,95.0
5533,95.0
5534,95.0
5535,95.0
5536,95.0
5537,95.0
5538,71.0
5539,95.0
5540,95.0
5541,83.0
5542,95.0
5543,95.0
5544,95.0
5545,95.0
5546,95.0
5547,95.0
5548,95.0
5549,71.0
5550,95.0
5551,95.0
5552,95.0
5553,95.0
5554,83.0
5555,83.0
5556,83.0
5557,83.0
5558,26.0
5559,95.0
5560,95.0
5561,95.0
5562,95.0
5563,71.0
5564,95.0
5565,95.0
5566,1.0
5567,71.0
5568,-9.0
5569,95.0
5570,47.0
5571,59.0
5572,71.0
5573,83.0
5574,23.0
5575,95.0
5576,95.0
5577,95.0
5578,-4.0
5579,95.0
5580,95.0
5581,95.0
5582,-38.0
5583,54.0
5584,71.0
5585,66.0
5586,95.0
5587,95.0
5588,95.0
5589,52.0
5590,83.0
5591,95.0
5592,66.0
5593,71.0
5594,95.0
5595,95.0
5596,95.0
5597,95.0
5598,95.0
5599,-35.0
5600,59.0
5601,95.0
5602,59.0
5603,95.0
5604,83.0
5605,95.0
5606,71.0
5607,25.0
5608,95.0
5609,23.0
5610,71.0
5611,95.0
5612,95.0
5613,4.0
5614,95.0
5615,95.0
5616,95.0
5617,42.0
5618,-6.0
5619,95.0
5620,83.0
5621,95.0
5622,95.0
5623,71.0
5624,95.0
5625,40.0
5626,76.0
5627,95.0
5628,71.0
5629,83.0
5630,83.0
5631,95.0
5632,95.0
5633,-23.0
5634,33.0
5635,71.0
5636,95.0
5637,-173.0
5638,95.0
5639,83.0
5640,95.0
5641,95.0
5642,95.0
5643,95.0
5644,95.0
5645,95.0
5646,95.0
5647,25.0
5648,95.0
5649,95.0
5650,47.0
5651,95.0
5652,95.0
5653,95.0
5654,95.0
5655,95.0
5656,95.0
5657,95.0
5658,83.0
5659,95.0
5660,95.0
5661,95.0
5662,64.0
5663,71.0
5664,54.0
5665,28.0
5666,95.0
5667,95.0
5668,71.0
5669,83.0
5670,71.0
5671,95.0
5672,95.0
5673,95.0
5674,71.0
5675,83.0
5676,83.0
5677,95.0
5678,95.0
5679,66.0
5680,95.0
5681,95.0
5682,95.0
5683,71.0
5684,95.0
5685,95.0
5686,95.0
5687,76.0
5688,83.0
5689,83.0
5690,71.0
5691,95.0
5692,-52.0
5693,71.0
5694,-47.0
5695,59.0
5696,95.0
5697,95.0
5698,14.0
5699,95.0
5700,95.0
5701,95.0
5702,71.0
5703,33.0
5704,95.0
5705,95.0
5706,71.0
5707,95.0
5708,52.0
5709,71.0
5710,95.0
5711,95.0
5712,95.0
5713,52.0
5714,33.0
5715,95.0
5716,54.0
5717,33.0
5718,83.0
5719,83.0
5720,95.0
5721,95.0
5722,95.0
5723,95.0
5724,71.0
5725,54.0
5726,71.0
5727,95.0
5728,40.0
5729,95.0
5730,95.0
5731,95.0
5732,95.0
5733,95.0
5734,95.0
5735,25.0
5736,83.0
5737,33.0
5738,83.0
5739,71.0
5740,71.0
5741,59.0
5742,83.0
5743,95.0
5744,95.0
5745,83.0
5746,83.0
5747,95.0
5748,95.0
5749,95.0
5750,95.0
5751,71.0
5752,95.0
5753,95.0
5754,52.0
5755,95.0
5756,71.0
5757,83.0
5758,95.0
5759,71.0
5760,95.0
5761,95.0
5762,71.0
5763,83.0
5764,32.0
5765,59.0
5766,40.0
5767,95.0
5768,95.0
5769,95.0
5770,95.0
5771,95.0
5772,95.0
5773,95.0
5774,95.0
5775,71.0
5776,95.0
5777,71.0
5778,83.0
5779,83.0
5780,95.0
5781,95.0
5782,95.0
5783,95.0
5784,-13.0
5785,95.0
5786,95.0
5787,83.0
5788,71.0
5789,95.0
5790,59.0
5791,33.0
5792,95.0
5793,-16.0
5794,95.0
5795,95.0
5796,83.0
5797,83.0
5798,95.0
5799,95.0
5800,71.0
5801,95.0
5802,83.0
5803,59.0
5804,83.0
5805,71.0
5806,66.0
5807,95.0
5808,54.0
5809,-35.0
5810,95.0
5811,95.0
5812,25.0
5813,40.0
5814,95.0
5815,95.0
5816,95.0
5817,95.0
5818,95.0
5819,95.0
5820,95.0
5821,71.0
5822,95.0
5823,95.0
5824,6.0
5825,95.0
5826,71.0
5827,95.0
5828,83.0
5829,14.0
5830,76.0
5831,95.0
5832,95.0
5833,95.0
5834,37.0
5835,95.0
5836,95.0
5837,71.0
5838,95.0
5839,95.0
5840,95.0
5841,95.0
5842,95.0
5843,95.0
5844,95.0
5845,95.0
5846,83.0
5847,95.0
5848,95.0
5849,95.0
5850,95.0
5851,83.0
5852,95.0
5853,71.0
5854,95.0
5855,95.0
5856,95.0
5857,33.0
5858,71.0
5859,95.0
5860,95.0
5861,71.0
5862,-86.0
5863,95.0
5864,95.0
5865,95.0
5866,95.0
5867,6.0
5868,83.0
5869,23.0
5870,30.0
5871,83.0
5872,30.0
5873,-35.0
5874,83.0
5875,95.0
5876,83.0
5877,83.0
5878,95.0
5879,95.0
5880,28.0
5881,95.0
5882,95.0
5883,95.0
5884,71.0
5885,49.0
5886,95.0
5887,95.0
5888,95.0
5889,71.0
5890,95.0
5891,52.0
5892,47.0
5893,71.0
5894,54.0
5895,95.0
5896,95.0
5897,95.0
5898,95.0
5899,95.0
5900,59.0
5901,83.0
5902,71.0
5903,95.0
5904,83.0
5905,71.0
5906,83.0
5907,95.0
5908,83.0
5909,95.0
5910,95.0
5911,71.0
5912,95.0
5913,95.0
5914,83.0
5915,95.0
5916,95.0
5917,95.0
5918,95.0
5919,95.0
5920,54.0
5921,95.0
5922,59.0
5923,95.0
5924,95.0
5925,47.0
5926,95.0
5927,52.0
5928,37.0
5929,83.0
5930,95.0
5931,83.0
5932,83.0
5933,71.0
5934,83.0
5935,95.0
5936,-11.0
5937,83.0
5938,95.0
5939,54.0
5940,71.0
5941,54.0
5942,83.0
5943,95.0
5944,76.0
5945,95.0
5946,95.0
5947,95.0
5948,95.0
5949,-98.0
5950,95.0
5951,71.0
5952,59.0
5953,95.0
5954,95.0
5955,71.0
5956,95.0
5957,95.0
5958,95.0
5959,95.0
5960,83.0
5961,95.0
5962,95.0
5963,59.0
5964,71.0
5965,95.0
5966,95.0
5967,71.0
5968,49.0
5969,83.0
5970,83.0
5971,71.0
5972,95.0
5973,95.0
5974,95.0
5975,95.0
5976,95.0
5977,95.0
5978,59.0
5979,95.0
5980,95.0
5981,95.0
5982,95.0
5983,95.0
5984,66.0
5985,95.0
5986,95.0
5987,95.0
5988,95.0
5989,95.0
5990,95.0
5991,71.0
5992,59.0
5993,71.0
5994,95.0
5995,95.0
5996,71.0
5997,71.0
5998,83.0
5999,95.0
6000,71.0
6001,95.0
6002,83.0
6003,-163.0
6004,95.0
6005,71.0
6006,95.0
6007,-35.0
6008,95.0
6009,95.0
6010,95.0
6011,95.0
6012,52.0
6013,76.0
6014,28.0
6015,71.0
6016,95.0
6017,95.0
6018,71.0
6019,83.0
6020,95.0
6021,95.0
6022,95.0
6023,95.0
6024,-47.0
6025,95.0
6026,95.0
6027,71.0
6028,95.0
6029,95.0
6030,95.0
6031,47.0
6032,71.0
6033,71.0
6034,95.0
6035,71.0
6036,95.0
6037,95.0
6038,95.0
6039,95.0
6040,83.0
6041,95.0
6042,13.0
6043,76.0
6044,95.0
6045,95.0
6046,95.0
6047,71.0
6048,83.0
6049,95.0
6050,95.0
6051,83.0
6052,13.0
6053,95.0
6054,13.0
6055,95.0
6056,95.0
6057,83.0
6058,35.0
6059,95.0
6060,95.0
6061,66.0
6062,95.0
6063,-23.0
6064,95.0
6065,95.0
6066,71.0
6067,71.0
6068,95.0
6069,95.0
6070,95.0
6071,95.0
6072,95.0
6073,95.0
6074,95.0
6075,95.0
6076,95.0
6077,71.0
6078,95.0
6079,54.0
6080,95.0
6081,71.0
6082,83.0
6083,83.0
6084,83.0
6085,83.0
6086,83.0
6087,52.0
6088,4.0
6089,95.0
6090,95.0
6091,83.0
6092,95.0
6093,71.0
6094,71.0
6095,95.0
6096,83.0
6097,95.0
6098,6.0
6099,95.0
6100,95.0
6101,71.0
6102,71.0
6103,71.0
6104,95.0
6105,25.0
6106,95.0
6107,95.0
6108,71.0
6109,83.0
6110,71.0
6111,71.0
6112,25.0
6113,95.0
6114,71.0
6115,64.0
6116,6.0
6117,95.0
6118,95.0
6119,59.0
6120,54.0
6121,95.0
6122,59.0
6123,54.0
6124,52.0
6125,95.0
6126,71.0
6127,95.0
6128,83.0
6129,71.0
6130,95.0
6131,54.0
6132,71.0
6133,83.0
6134,95.0
6135,95.0
6136,95.0
6137,95.0
6138,-28.0
6139,95.0
6140,95.0
6141,95.0
6142,83.0
6143,95.0
6144,40.0
6145,95.0
6146,-52.0
6147,95.0
6148,71.0
6149,95.0
6150,95.0
6151,52.0
6152,83.0
6153,71.0
6154,83.0
6155,95.0
6156,95.0
6157,95.0
6158,71.0
6159,83.0
6160,95.0
6161,71.0
6162,83.0
6163,71.0
6164,32.0
6165,71.0
6166,64.0
6167,95.0
6168,95.0
6169,59.0
6170,95.0
6171,95.0
6172,59.0
6173,-11.0
6174,95.0
6175,71.0
6176,54.0
6177,83.0
6178,95.0
6179,95.0
6180,95.0
6181,95.0
6182,83.0
6183,83.0
6184,54.0
6185,95.0
6186,95.0
6187,95.0
6188,45.0
6189,71.0
6190,83.0
6191,95.0
6192,95.0
6193,95.0
6194,95.0
6195,42.0
6196,95.0
6197,64.0
6198,71.0
6199,95.0
6200,95.0
6201,95.0
6202,95.0
6203,95.0
6204,-16.0
6205,71.0
6206,-9.0
6207,83.0
6208,49.0
6209,-16.0
6210,76.0
6211,95.0
6212,95.0
6213,83.0
6214,95.0
6215,95.0
6216,95.0
6217,95.0
6218,95.0
6219,30.0
6220,95.0
6221,95.0
6222,66.0
6223,95.0
6224,54.0
6225,71.0
6226,95.0
6227,95.0
6228,83.0
6229,54.0
6230,95.0
6231,95.0
6232,95.0
6233,71.0
6234,95.0
6235,95.0
6236,95.0
6237,95.0
6238,83.0
6239,71.0
6240,95.0
6241,95.0
6242,95.0
6243,71.0
6244,95.0
6245,71.0
6246,95.0
6247,95.0
6248,47.0
6249,95.0
6250,95.0
6251,95.0
6252,95.0
6253,95.0
6254,59.0
6255,95.0
6256,71.0
6257,21.0
6258,95.0
6259,6.0
6260,42.0
6261,95.0
6262,95.0
6263,83.0
6264,95.0
6265,95.0
6266,71.0
6267,95.0
6268,95.0
6269,95.0
6270,71.0
6271,95.0
6272,95.0
6273,95.0
6274,95.0
6275,95.0
6276,95.0
6277,95.0
6278,71.0
6279,71.0
6280,95.0
6281,71.0
6282,83.0
6283,95.0
6284,83.0
6285,95.0
6286,95.0
6287,95.0
6288,95.0
6289,-4.0
6290,95.0
6291,95.0
6292,71.0
6293,-47.0
6294,95.0
6295,95.0
6296,95.0
6297,71.0
6298,95.0
6299,52.0
6300,-110.0
6301,95.0
6302,95.0
6303,95.0
6304,95.0
6305,42.0
6306,71.0
6307,-16.0
6308,95.0
6309,95.0
6310,95.0
6311,95.0
6312,71.0
6313,83.0
6314,95.0
6315,42.0
6316,71.0
6317,95.0
6318,71.0
6319,95.0
6320,83.0
6321,95.0
6322,-8.0
6323,95.0
6324,95.0
6325,59.0
6326,95.0
6327,76.0
6328,37.0
6329,95.0
6330,95.0
6331,23.0
6332,95.0
6333,64.0
6334,95.0
6335,95.0
6336,95.0
6337,95.0
6338,83.0
6339,71.0
6340,95.0
6341,83.0
6342,95.0
6343,95.0
6344,13.0
6345,95.0
6346,95.0
6347,95.0
6348,59.0
6349,83.0
6350,95.0
6351,95.0
6352,95.0
6353,83.0
6354,83.0
6355,83.0
6356,33.0
6357,83.0
6358,95.0
6359,83.0
6360,71.0
6361,16.0
6362,95.0
6363,-47.0
6364,-76.0
6365,95.0
6366,95.0
6367,95.0
6368,59.0
6369,83.0
6370,95.0
6371,71.0
6372,95.0
6373,59.0
6374,83.0
6375,40.0
6376,76.0
6377,95.0
6378,25.0
6379,71.0
6380,95.0
6381,95.0
6382,-11.0
6383,71.0
6384,95.0
6385,71.0
6386,59.0
6387,95.0
6388,95.0
6389,54.0
6390,71.0
6391,95.0
6392,95.0
6393,95.0
6394,54.0
6395,6.0
6396,95.0
6397,83.0
6398,66.0
6399,95.0
6400,95.0
6401,95.0
6402,-103.0
6403,71.0
6404,20.0
6405,95.0
6406,95.0
6407,71.0
6408,95.0
6409,95.0
6410,71.0
6411,95.0
6412,95.0
6413,59.0
6414,95.0
6415,83.0
6416,71.0
6417,95.0
6418,23.0
6419,71.0
6420,52.0
6421,95.0
6422,95.0
6423,95.0
6424,83.0
6425,95.0
6426,95.0
6427,95.0
6428,95.0
6429,95.0
6430,95.0
6431,95.0
6432,83.0
6433,95.0
6434,83.0
6435,71.0
6436,95.0
6437,71.0
6438,6.0
6439,71.0
6440,95.0
6441,95.0
6442,71.0
6443,95.0
6444,95.0
6445,30.0
6446,95.0
6447,-11.0
6448,95.0
6449,71.0
6450,83.0
6451,95.0
6452,71.0
6453,95.0
6454,95.0
6455,95.0
6456,83.0
6457,95.0
6458,95.0
6459,83.0
6460,95.0
6461,95.0
6462,-32.0
6463,95.0
6464,95.0
6465,95.0
6466,47.0
6467,95.0
6468,95.0
6469,95.0
6470,95.0
6471,95.0
6472,95.0
6473,71.0
6474,95.0
6475,95.0
6476,83.0
6477,83.0
6478,95.0
6479,95.0
6480,54.0
6481,95.0
6482,54.0
6483,95.0
6484,-360.0
6485,54.0
6486,95.0
6487,71.0
6488,71.0
6489,95.0
6490,54.0
6491,95.0
6492,71.0
6493,95.0
6494,71.0
6495,95.0
6496,95.0
6497,71.0
6498,95.0
6499,71.0
6500,95.0
6501,95.0
6502,95.0
6503,6.0
6504,95.0
6505,59.0
6506,95.0
6507,83.0
6508,95.0
6509,54.0
6510,42.0
6511,71.0
6512,71.0
6513,95.0
6514,71.0
6515,71.0
6516,59.0
6517,83.0
6518,95.0
6519,47.0
6520,95.0
6521,76.0
6522,71.0
6523,-185.0
6524,95.0
6525,95.0
6526,66.0
6527,59.0
6528,71.0
6529,95.0
6530,95.0
6531,71.0
6532,54.0
6533,71.0
6534,95.0
6535,8.0
6536,95.0
6537,71.0
6538,95.0
6539,95.0
6540,83.0
6541,-62.0
6542,95.0
6543,71.0
6544,71.0
6545,23.0
6546,95.0
6547,95.0
6548,49.0
6549,59.0
6550,95.0
6551,13.0
6552,95.0
6553,95.0
6554,71.0
6555,95.0
6556,95.0
6557,71.0
6558,59.0
6559,95.0
6560,66.0
6561,95.0
6562,95.0
6563,83.0
6564,95.0
6565,40.0
6566,83.0
6567,95.0
6568,95.0
6569,42.0
6570,95.0
6571,11.0
6572,71.0
6573,95.0
6574,95.0
6575,83.0
6576,71.0
6577,59.0
6578,95.0
6579,71.0
6580,1.0
6581,71.0
6582,95.0
6583,71.0
6584,95.0
6585,-50.0
6586,54.0
6587,54.0
6588,95.0
6589,95.0
6590,95.0
6591,83.0
6592,54.0
6593,95.0
6594,83.0
6595,-6.0
6596,40.0
6597,95.0
6598,71.0
6599,95.0
6600,95.0
6601,71.0
6602,83.0
6603,95.0
6604,95.0
6605,-4.0
6606,95.0
6607,95.0
6608,83.0
6609,54.0
6610,95.0
6611,71.0
6612,71.0
6613,71.0
6614,76.0
6615,95.0
6616,95.0
6617,95.0
6618,95.0
6619,95.0
6620,83.0
6621,83.0
6622,95.0
6623,95.0
6624,37.0
6625,95.0
6626,95.0
6627,59.0
6628,95.0
6629,95.0
6630,95.0
6631,95.0
6632,95.0
6633,95.0
6634,71.0
6635,71.0
6636,95.0
6637,95.0
6638,54.0
6639,42.0
6640,83.0
6641,-35.0
6642,95.0
6643,59.0
6644,59.0
6645,52.0
6646,95.0
6647,95.0
6648,42.0
6649,95.0
6650,71.0
6651,95.0
6652,95.0
6653,95.0
6654,95.0
6655,95.0
6656,95.0
6657,95.0
6658,71.0
6659,83.0
6660,71.0
6661,95.0
6662,95.0
6663,83.0
6664,95.0
6665,95.0
6666,95.0
6667,95.0
6668,95.0
6669,95.0
6670,71.0
6671,-16.0
6672,95.0
6673,54.0
6674,76.0
6675,95.0
6676,95.0
6677,83.0
6678,95.0
6679,95.0
6680,71.0
6681,95.0
6682,95.0
6683,6.0
6684,95.0
6685,95.0
6686,71.0
6687,59.0
6688,95.0
6689,95.0
6690,83.0
6691,95.0
6692,95.0
6693,95.0
6694,95.0
6695,71.0
6696,95.0
6697,47.0
6698,95.0
6699,95.0
6700,95.0
6701,59.0
6702,71.0
6703,95.0
6704,95.0
6705,83.0
6706,95.0
6707,83.0
6708,83.0
6709,95.0
6710,95.0
6711,95.0
6712,52.0
6713,95.0
6714,52.0
6715,59.0
6716,83.0
6717,95.0
6718,52.0
6719,95.0
6720,71.0
6721,6.0
6722,95.0
6723,83.0
6724,83.0
6725,71.0
6726,83.0
6727,95.0
6728,95.0
6729,95.0
6730,95.0
6731,95.0
6732,95.0
6733,83.0
6734,95.0
6735,95.0
6736,95.0
6737,83.0
6738,83.0
6739,95.0
6740,76.0
6741,95.0
6742,-23.0
6743,95.0
6744,95.0
6745,95.0
6746,52.0
6747,71.0
6748,95.0
6749,95.0
6750,52.0
6751,95.0
6752,95.0
6753,95.0
6754,71.0
6755,71.0
6756,95.0
6757,83.0
6758,95.0
6759,71.0
6760,95.0
6761,95.0
6762,95.0
6763,71.0
6764,95.0
6765,95.0
6766,71.0
6767,66.0
6768,95.0
6769,95.0
6770,49.0
6771,4.0
6772,83.0
6773,83.0
6774,21.0
6775,95.0
6776,71.0
6777,95.0
6778,25.0
6779,95.0
6780,95.0
6781,95.0
6782,95.0
6783,95.0
6784,95.0
6785,71.0
6786,71.0
6787,66.0
6788,95.0
6789,95.0
6790,95.0
6791,95.0
6792,95.0
6793,71.0
6794,59.0
6795,83.0
6796,95.0
6797,95.0
6798,83.0
6799,95.0
6800,95.0
6801,95.0
6802,95.0
6803,95.0
6804,71.0
6805,59.0
6806,95.0
6807,71.0
6808,95.0
6809,95.0
6810,71.0
6811,83.0
6812,71.0
6813,64.0
6814,54.0
6815,95.0
6816,95.0
6817,95.0
6818,95.0
6819,71.0
6820,95.0
6821,42.0
6822,95.0
6823,76.0
6824,95.0
6825,35.0
6826,83.0
6827,95.0
6828,95.0
6829,95.0
6830,95.0
6831,95.0
6832,42.0
6833,95.0
6834,95.0
6835,95.0
6836,95.0
6837,95.0
6838,95.0
6839,95.0
6840,59.0
6841,95.0
6842,71.0
6843,95.0
6844,83.0
6845,95.0
6846,95.0
6847,95.0
6848,71.0
6849,71.0
6850,95.0
6851,71.0
6852,95.0
6853,83.0
6854,95.0
6855,95.0
6856,71.0
6857,71.0
6858,83.0
6859,83.0
6860,25.0
6861,95.0
6862,95.0
6863,71.0
6864,83.0
6865,71.0
6866,52.0
6867,83.0
6868,95.0
6869,23.0
6870,83.0
6871,71.0
6872,52.0
6873,95.0
6874,83.0
6875,59.0
6876,52.0
6877,54.0
6878,95.0
6879,95.0
6880,95.0
6881,54.0
6882,95.0
6883,95.0
6884,95.0
6885,64.0
6886,95.0
6887,95.0
6888,95.0
6889,83.0
6890,95.0
6891,95.0
6892,95.0
6893,83.0
6894,83.0
6895,71.0
6896,95.0
6897,95.0
6898,83.0
6899,95.0
6900,95.0
6901,83.0
6902,71.0
6903,35.0
6904,95.0
6905,76.0
6906,95.0
6907,95.0
6908,83.0
6909,-40.0
6910,95.0
6911,95.0
6912,95.0
6913,95.0
6914,95.0
6915,71.0
6916,71.0
6917,95.0
6918,95.0
6919,71.0
6920,-4.0
6921,71.0
6922,52.0
6923,95.0
6924,95.0
6925,83.0
6926,95.0
