0,-360.0
1,26.0
2,95.0
3,-370.0
4,-11.0
5,-370.0
6,-360.0
7,-370.0
8,-345.0
9,95.0
10,-375.0
11,-64.0
12,95.0
13,-345.0
14,-365.0
15,-35.0
16,95.0
17,-134.0
18,-122.0
19,95.0
20,-380.0
21,-360.0
22,-365.0
23,-16.0
24,83.0
25,95.0
26,95.0
27,30.0
28,18.0
29,-52.0
30,76.0
31,-360.0
32,-45.0
33,-355.0
34,-233.0
35,-345.0
36,-350.0
37,8.0
38,-365.0
39,-355.0
40,95.0
41,76.0
42,-370.0
43,-375.0
44,95.0
45,95.0
46,-127.0
47,-365.0
48,-350.0
49,95.0
50,-69.0
51,-355.0
52,-370.0
53,23.0
54,95.0
55,57.0
56,95.0
57,-16.0
58,-375.0
59,-350.0
60,59.0
61,95.0
62,-164.0
63,95.0
64,37.0
65,-350.0
66,-375.0
67,95.0
68,-350.0
69,-153.0
70,42.0
71,-248.0
72,-350.0
73,42.0
74,95.0
75,-380.0
76,95.0
77,95.0
78,-108.0
79,40.0
80,-28.0
81,-96.0
82,95.0
83,-110.0
84,-375.0
85,-45.0
86,95.0
87,-37.0
88,83.0
89,83.0
90,83.0
91,-350.0
92,66.0
93,95.0
94,-370.0
95,-62.0
96,-345.0
97,-4.0
98,-350.0
99,52.0
100,71.0
101,-30.0
102,64.0
103,-380.0
104,-330.0
105,-335.0
106,25.0
107,-59.0
108,-199.0
109,23.0
110,1.0
111,-57.0
112,95.0
113,-380.0
114,-6.0
115,-93.0
116,-355.0
117,-355.0
118,95.0
119,-355.0
120,95.0
121,20.0
122,95.0
123,-370.0
124,-370.0
125,-375.0
126,-370.0
127,95.0
128,-355.0
129,-195.0
130,-16.0
131,95.0
132,-365.0
133,-375.0
134,-350.0
135,28.0
136,-62.0
137,26.0
138,-355.0
139,-88.0
140,4.0
141,-365.0
142,95.0
143,95.0
144,-375.0
145,59.0
146,38.0
147,8.0
148,-238.0
149,59.0
150,-370.0
151,-146.0
152,42.0
153,37.0
154,54.0
155,20.0
156,71.0
157,95.0
158,-35.0
159,1.0
160,95.0
161,-76.0
162,-39.0
163,-350.0
164,-115.0
165,57.0
166,95.0
167,95.0
168,-112.0
169,-20.0
170,20.0
171,-350.0
172,-146.0
173,-98.0
174,95.0
175,-355.0
176,-246.0
177,-30.0
178,95.0
179,-355.0
180,71.0
181,-375.0
182,-375.0
183,8.0
184,-365.0
185,-370.0
186,-375.0
187,-173.0
188,-115.0
189,-68.0
190,-355.0
191,83.0
192,23.0
193,4.0
194,-127.0
195,95.0
196,-221.0
197,95.0
198,13.0
199,71.0
200,-89.0
201,64.0
202,-151.0
203,83.0
204,-40.0
205,83.0
206,71.0
207,83.0
208,95.0
209,-355.0
210,-350.0
211,-33.0
212,-370.0
213,20.0
214,83.0
215,71.0
216,95.0
217,95.0
218,-370.0
219,-45.0
220,13.0
221,-252.0
222,-360.0
223,-16.0
224,-390.0
225,-199.0
226,18.0
227,47.0
228,-38.0
229,-360.0
230,-90.0
231,-370.0
232,7.0
233,-192.0
234,54.0
235,-225.0
236,95.0
237,42.0
238,95.0
239,95.0
240,26.0
241,95.0
242,-118.0
243,95.0
244,95.0
245,-26.0
246,83.0
247,66.0
248,95.0
249,-375.0
250,-365.0
251,71.0
252,-355.0
253,-59.0
254,64.0
255,-355.0
256,95.0
257,-345.0
258,95.0
259,95.0
260,54.0
261,95.0
262,95.0
263,-390.0
264,76.0
265,-100.0
266,-345.0
267,-4.0
268,95.0
269,95.0
270,59.0
271,25.0
272,95.0
273,-360.0
274,47.0
275,83.0
276,-345.0
277,-380.0
278,83.0
279,57.0
280,71.0
281,95.0
282,-345.0
283,-59.0
284,95.0
285,95.0
286,-180.0
287,95.0
288,95.0
289,-234.0
290,83.0
291,1.0
292,95.0
293,95.0
294,-395.0
295,-50.0
296,-236.0
297,-365.0
298,95.0
299,-23.0
300,-365.0
301,76.0
302,-178.0
303,-190.0
304,59.0
305,-365.0
306,-360.0
307,40.0
308,-33.0
309,64.0
310,1.0
311,95.0
312,95.0
313,95.0
314,-335.0
315,-335.0
316,95.0
317,-370.0
318,71.0
319,-355.0
320,66.0
321,-230.0
322,95.0
323,95.0
324,-345.0
325,35.0
326,-185.0
327,95.0
328,83.0
329,-178.0
330,95.0
331,71.0
332,-27.0
333,95.0
334,-115.0
335,95.0
336,95.0
337,-360.0
338,83.0
339,59.0
340,35.0
341,57.0
342,-100.0
343,95.0
344,-355.0
345,83.0
346,-52.0
347,83.0
348,-13.0
349,83.0
350,95.0
351,-251.0
352,25.0
353,13.0
354,-355.0
355,71.0
356,-365.0
357,-83.0
358,95.0
359,-355.0
360,95.0
361,45.0
362,95.0
363,-365.0
364,95.0
365,95.0
366,-375.0
367,95.0
368,-129.0
369,-365.0
370,-355.0
371,-335.0
372,-355.0
373,95.0
374,-380.0
375,-40.0
376,-335.0
377,-375.0
378,-188.0
379,95.0
380,-103.0
381,-355.0
382,-375.0
383,95.0
384,35.0
385,-375.0
386,-35.0
387,95.0
388,-81.0
389,83.0
390,-350.0
391,-191.0
392,37.0
393,95.0
394,-115.0
395,-355.0
396,83.0
397,-139.0
398,-221.0
399,71.0
400,76.0
401,-183.0
402,-370.0
403,-370.0
404,-129.0
405,-112.0
406,-365.0
407,-355.0
408,83.0
409,95.0
410,95.0
411,95.0
412,-355.0
413,-190.0
414,8.0
415,-231.0
416,-370.0
417,95.0
418,83.0
419,83.0
420,71.0
421,83.0
422,18.0
423,-355.0
424,-35.0
425,95.0
426,95.0
427,-100.0
428,83.0
429,95.0
430,-340.0
431,30.0
432,23.0
433,-360.0
434,-335.0
435,71.0
436,-360.0
437,95.0
438,-350.0
439,95.0
440,95.0
441,-5.0
442,-395.0
443,-370.0
444,95.0
445,-21.0
446,52.0
447,-28.0
448,83.0
449,95.0
450,-360.0
451,76.0
452,-107.0
453,83.0
454,3.0
455,-355.0
456,-159.0
457,95.0
458,95.0
459,83.0
460,95.0
461,-127.0
462,71.0
463,20.0
464,95.0
465,83.0
466,-115.0
467,-360.0
468,30.0
469,95.0
470,83.0
471,95.0
472,-171.0
473,13.0
474,95.0
475,54.0
476,35.0
477,95.0
478,64.0
479,59.0
480,52.0
481,-365.0
482,-375.0
483,-226.0
484,-380.0
485,95.0
486,-190.0
487,83.0
488,95.0
489,-380.0
490,-121.0
491,-365.0
492,95.0
493,-360.0
494,95.0
495,-340.0
496,-217.0
497,64.0
498,95.0
499,11.0
500,45.0
501,83.0
502,-365.0
503,83.0
504,-18.0
505,-355.0
506,-360.0
507,-127.0
508,95.0
509,71.0
510,95.0
511,95.0
512,95.0
513,-375.0
514,76.0
515,83.0
516,-35.0
517,95.0
518,95.0
519,95.0
520,95.0
521,83.0
522,-345.0
523,95.0
524,95.0
525,-360.0
526,95.0
527,-71.0
528,-120.0
529,-171.0
530,38.0
531,-375.0
532,95.0
533,42.0
534,95.0
535,95.0
536,95.0
537,83.0
538,95.0
539,-98.0
540,-375.0
541,-26.0
542,-130.0
543,-370.0
544,-212.0
545,-360.0
546,95.0
547,-202.0
548,95.0
549,-375.0
550,-375.0
551,95.0
552,-12.0
553,95.0
554,-355.0
555,-375.0
556,11.0
557,-365.0
558,37.0
559,57.0
560,-206.0
561,-375.0
562,-365.0
563,-370.0
564,-375.0
565,-385.0
566,47.0
567,-375.0
568,-360.0
569,95.0
570,-360.0
571,-375.0
572,59.0
573,-98.0
574,-395.0
575,-26.0
576,-16.0
577,13.0
578,95.0
579,-62.0
580,64.0
581,95.0
582,-125.0
583,-33.0
584,95.0
585,95.0
586,-360.0
587,18.0
588,95.0
589,95.0
590,-360.0
591,-263.0
592,95.0
593,95.0
594,-248.0
595,-345.0
596,-258.0
597,95.0
598,-355.0
599,83.0
600,-83.0
601,-370.0
602,-131.0
603,26.0
604,-360.0
605,-168.0
606,95.0
607,95.0
608,95.0
609,-380.0
610,95.0
611,35.0
612,-355.0
613,-365.0
614,-260.0
615,71.0
616,95.0
617,-355.0
618,-365.0
619,83.0
620,76.0
621,-38.0
622,59.0
623,95.0
624,-350.0
625,-380.0
626,2.0
627,52.0
628,95.0
629,-375.0
630,-4.0
631,-119.0
632,95.0
633,37.0
634,-253.0
635,95.0
636,-365.0
637,-375.0
638,-230.0
639,71.0
640,49.0
641,95.0
642,-57.0
643,71.0
644,-4.0
645,83.0
646,95.0
647,95.0
648,95.0
649,-375.0
650,-345.0
651,-360.0
652,26.0
653,-69.0
654,-228.0
655,-360.0
656,-57.0
657,23.0
658,95.0
659,71.0
660,95.0
661,95.0
662,76.0
663,-385.0
664,-350.0
665,95.0
666,-69.0
667,-202.0
668,-365.0
669,-355.0
670,-221.0
671,54.0
672,47.0
673,20.0
674,-345.0
675,-375.0
676,95.0
677,95.0
678,59.0
679,-365.0
680,95.0
681,95.0
682,83.0
683,-375.0
684,95.0
685,-56.0
686,-215.0
687,83.0
688,2.0
689,-39.0
690,-370.0
691,-355.0
692,-51.0
693,-69.0
694,95.0
695,83.0
696,95.0
697,83.0
698,-239.0
699,28.0
700,-365.0
701,-370.0
702,95.0
703,-43.0
704,-190.0
705,-127.0
706,95.0
707,-212.0
708,95.0
709,71.0
710,-375.0
711,-78.0
712,95.0
713,52.0
714,-76.0
715,95.0
716,95.0
717,-49.0
718,95.0
719,95.0
720,-370.0
721,59.0
722,18.0
723,-142.0
724,95.0
725,95.0
726,-370.0
727,-229.0
728,-365.0
729,-375.0
730,37.0
731,83.0
732,38.0
733,-375.0
734,-400.0
735,-234.0
736,95.0
737,-375.0
738,8.0
739,-375.0
740,-110.0
741,95.0
742,95.0
743,95.0
744,47.0
745,-30.0
746,95.0
747,-375.0
748,95.0
749,-375.0
750,-380.0
751,-100.0
752,95.0
753,64.0
754,-375.0
755,95.0
756,95.0
757,95.0
758,95.0
759,76.0
760,-50.0
761,83.0
762,95.0
763,42.0
764,71.0
765,-375.0
766,-4.0
767,95.0
768,95.0
769,-355.0
770,-110.0
771,37.0
772,11.0
773,95.0
774,76.0
775,-155.0
776,54.0
777,37.0
778,95.0
779,95.0
780,95.0
781,95.0
782,95.0
783,45.0
784,-100.0
785,26.0
786,95.0
787,95.0
788,95.0
789,-385.0
790,-229.0
791,95.0
792,-390.0
793,-370.0
794,-227.0
795,95.0
796,-365.0
797,76.0
798,-365.0
799,-132.0
800,-231.0
801,-380.0
802,38.0
803,-385.0
804,95.0
805,95.0
806,-126.0
807,-360.0
808,95.0
809,95.0
810,-81.0
811,76.0
812,-149.0
813,2.0
814,95.0
815,-355.0
816,-4.0
817,95.0
818,-30.0
819,95.0
820,-103.0
821,95.0
822,83.0
823,66.0
824,-375.0
825,95.0
826,95.0
827,71.0
828,-265.0
829,95.0
830,95.0
831,-365.0
832,-370.0
833,-385.0
834,95.0
835,95.0
836,-224.0
837,8.0
838,-127.0
839,-370.0
840,95.0
841,-365.0
842,95.0
843,-151.0
844,-380.0
845,95.0
846,-385.0
847,-355.0
848,-67.0
849,59.0
850,95.0
851,-370.0
852,-235.0
853,-26.0
854,-49.0
855,-360.0
856,49.0
857,-96.0
858,-157.0
859,95.0
860,-375.0
861,-350.0
862,38.0
863,-45.0
864,-375.0
865,95.0
866,-255.0
867,45.0
868,95.0
869,-23.0
870,95.0
871,83.0
872,95.0
873,-340.0
874,57.0
875,38.0
876,83.0
877,-45.0
878,42.0
879,95.0
880,71.0
881,-365.0
882,83.0
883,95.0
884,83.0
885,-400.0
886,83.0
887,95.0
888,95.0
889,-272.0
890,-178.0
891,83.0
892,-365.0
893,-35.0
894,95.0
895,95.0
896,95.0
897,95.0
898,95.0
899,-146.0
900,-18.0
901,-202.0
902,-60.0
903,13.0
904,-207.0
905,95.0
906,95.0
907,95.0
908,-380.0
909,52.0
910,38.0
911,83.0
912,71.0
913,95.0
914,83.0
915,-177.0
916,95.0
917,95.0
918,26.0
919,83.0
920,95.0
921,-370.0
922,-385.0
923,95.0
924,-72.0
925,-21.0
926,-370.0
927,-385.0
928,-33.0
929,-370.0
930,-370.0
931,-109.0
932,83.0
933,14.0
934,83.0
935,-365.0
936,-380.0
937,-195.0
938,95.0
939,-380.0
940,-390.0
941,-365.0
942,-370.0
943,-370.0
944,95.0
945,76.0
946,-134.0
947,95.0
948,95.0
949,-169.0
950,-125.0
951,25.0
952,83.0
953,-360.0
954,-365.0
955,95.0
956,-370.0
957,37.0
958,95.0
959,-254.0
960,-370.0
961,76.0
962,-203.0
963,47.0
964,-20.0
965,95.0
966,-82.0
967,-380.0
968,-97.0
969,-390.0
970,-28.0
971,95.0
972,83.0
973,-1.0
974,95.0
975,83.0
976,-106.0
977,-18.0
978,54.0
979,-151.0
980,-380.0
981,-355.0
982,59.0
983,-233.0
984,95.0
985,-380.0
986,95.0
987,37.0
988,-395.0
989,76.0
990,-350.0
991,-40.0
992,95.0
993,95.0
994,14.0
995,95.0
996,95.0
997,54.0
998,-103.0
999,49.0
1000,-45.0
1001,-186.0
1002,-140.0
1003,76.0
1004,-79.0
1005,83.0
1006,-370.0
1007,28.0
1008,95.0
1009,95.0
1010,95.0
1011,-3.0
1012,95.0
1013,42.0
1014,-153.0
1015,95.0
1016,83.0
1017,95.0
1018,95.0
1019,-11.0
1020,-365.0
1021,95.0
1022,57.0
1023,95.0
1024,95.0
1025,95.0
1026,95.0
1027,71.0
1028,-395.0
1029,83.0
1030,25.0
1031,-390.0
1032,83.0
1033,-390.0
1034,95.0
1035,-161.0
1036,-375.0
1037,-14.0
1038,95.0
1039,83.0
1040,95.0
1041,-385.0
1042,83.0
1043,18.0
1044,-385.0
1045,95.0
1046,95.0
1047,95.0
1048,-85.0
1049,-375.0
1050,83.0
1051,83.0
1052,83.0
1053,95.0
1054,-395.0
1055,-45.0
1056,95.0
1057,95.0
1058,-380.0
1059,-395.0
1060,95.0
1061,76.0
1062,83.0
1063,4.0
1064,49.0
1065,95.0
1066,-168.0
1067,-370.0
1068,95.0
1069,-375.0
1070,95.0
1071,95.0
1072,95.0
1073,-365.0
1074,76.0
1075,52.0
1076,-258.0
1077,38.0
1078,32.0
1079,95.0
1080,-380.0
1081,71.0
1082,95.0
1083,-385.0
1084,6.0
1085,-400.0
1086,-380.0
1087,-390.0
1088,95.0
1089,95.0
1090,95.0
1091,-385.0
1092,47.0
1093,-375.0
1094,95.0
1095,95.0
1096,95.0
1097,-118.0
1098,95.0
1099,95.0
1100,95.0
1101,-370.0
1102,-360.0
1103,-30.0
1104,-365.0
1105,-375.0
1106,95.0
1107,-365.0
1108,-370.0
1109,95.0
1110,1.0
1111,95.0
1112,95.0
1113,83.0
1114,-400.0
1115,-5.0
1116,83.0
1117,95.0
1118,95.0
1119,-385.0
1120,-380.0
1121,95.0
1122,25.0
1123,95.0
1124,76.0
1125,76.0
1126,2.0
1127,-385.0
1128,-370.0
1129,-16.0
1130,66.0
1131,-31.0
1132,-390.0
1133,-390.0
1134,-365.0
1135,95.0
1136,95.0
1137,83.0
1138,95.0
1139,-355.0
1140,47.0
1141,83.0
1142,95.0
1143,95.0
1144,95.0
1145,38.0
1146,-10.0
1147,76.0
1148,95.0
1149,-257.0
1150,95.0
1151,95.0
1152,-9.0
1153,-144.0
1154,95.0
1155,-96.0
1156,95.0
1157,95.0
1158,64.0
1159,95.0
1160,-395.0
1161,95.0
1162,76.0
1163,95.0
1164,95.0
1165,-97.0
1166,95.0
1167,57.0
1168,20.0
1169,-380.0
1170,95.0
1171,71.0
1172,95.0
1173,95.0
1174,95.0
1175,95.0
1176,57.0
1177,-204.0
1178,95.0
1179,66.0
1180,-395.0
1181,95.0
1182,95.0
1183,3.0
1184,64.0
1185,-17.0
1186,95.0
1187,-54.0
1188,83.0
1189,95.0
1190,-350.0
1191,-6.0
1192,95.0
1193,-200.0
1194,-385.0
1195,30.0
1196,76.0
1197,95.0
1198,95.0
1199,95.0
1200,95.0
1201,-375.0
1202,95.0
1203,-27.0
1204,-390.0
1205,-365.0
1206,-395.0
1207,95.0
1208,95.0
1209,95.0
1210,-390.0
1211,-390.0
1212,95.0
1213,95.0
1214,71.0
1215,95.0
1216,-260.0
1217,95.0
1218,95.0
1219,-390.0
1220,11.0
1221,38.0
1222,-88.0
1223,14.0
1224,95.0
1225,-395.0
1226,-390.0
1227,95.0
1228,-56.0
1229,95.0
1230,-24.0
1231,95.0
1232,95.0
1233,-114.0
1234,-385.0
1235,95.0
1236,-164.0
1237,95.0
1238,-400.0
1239,95.0
1240,95.0
1241,57.0
1242,95.0
1243,95.0
1244,-400.0
1245,95.0
1246,-83.0
1247,-390.0
1248,95.0
1249,-370.0
1250,95.0
1251,95.0
1252,11.0
1253,83.0
1254,95.0
1255,95.0
1256,40.0
1257,-271.0
1258,95.0
1259,-385.0
1260,95.0
1261,95.0
1262,-380.0
1263,95.0
1264,-180.0
1265,-385.0
1266,95.0
1267,-54.0
1268,-355.0
1269,-385.0
1270,83.0
1271,-380.0
1272,83.0
1273,95.0
1274,95.0
1275,95.0
1276,95.0
1277,-103.0
1278,76.0
1279,-28.0
1280,-62.0
1281,52.0
1282,95.0
1283,-46.0
1284,95.0
1285,-18.0
1286,95.0
1287,-45.0
1288,-40.0
1289,-375.0
1290,38.0
1291,-385.0
1292,-57.0
1293,95.0
1294,76.0
1295,95.0
1296,95.0
1297,57.0
1298,7.0
1299,76.0
1300,95.0
1301,95.0
1302,-390.0
1303,-61.0
1304,-171.0
1305,-385.0
1306,95.0
1307,57.0
1308,-370.0
1309,95.0
1310,35.0
1311,-35.0
1312,-84.0
1313,-390.0
1314,71.0
1315,-395.0
1316,76.0
1317,-390.0
1318,57.0
1319,-400.0
1320,76.0
1321,-405.0
1322,95.0
1323,95.0
1324,95.0
1325,95.0
1326,95.0
1327,95.0
1328,-39.0
1329,95.0
1330,71.0
1331,-380.0
1332,95.0
1333,95.0
1334,-375.0
1335,83.0
1336,83.0
1337,26.0
1338,64.0
1339,95.0
1340,95.0
1341,76.0
1342,-27.0
1343,-380.0
1344,64.0
1345,95.0
1346,-390.0
1347,0.0
1348,40.0
1349,95.0
1350,95.0
1351,57.0
1352,95.0
1353,26.0
1354,95.0
1355,95.0
1356,-385.0
1357,95.0
1358,95.0
1359,30.0
1360,95.0
1361,95.0
1362,83.0
1363,83.0
1364,95.0
1365,-375.0
1366,-27.0
1367,95.0
1368,-190.0
1369,-390.0
1370,83.0
1371,95.0
1372,95.0
1373,83.0
1374,95.0
1375,95.0
1376,95.0
1377,95.0
1378,95.0
1379,-380.0
1380,-375.0
1381,23.0
1382,95.0
1383,-400.0
1384,95.0
1385,-70.0
1386,-395.0
1387,95.0
1388,95.0
1389,-130.0
1390,64.0
1391,95.0
1392,30.0
1393,-220.0
1394,-132.0
1395,95.0
1396,-365.0
1397,-380.0
1398,-62.0
1399,95.0
1400,-190.0
1401,95.0
1402,37.0
1403,95.0
1404,-395.0
1405,20.0
1406,95.0
1407,95.0
1408,71.0
1409,95.0
1410,-21.0
1411,-42.0
1412,95.0
1413,95.0
1414,-225.0
1415,-390.0
1416,76.0
1417,83.0
1418,95.0
1419,95.0
1420,95.0
1421,-390.0
1422,95.0
1423,83.0
1424,64.0
1425,45.0
1426,71.0
1427,-390.0
1428,-193.0
1429,-380.0
1430,95.0
1431,-380.0
1432,37.0
1433,57.0
1434,95.0
1435,-67.0
1436,95.0
1437,95.0
1438,-390.0
1439,-390.0
1440,59.0
1441,45.0
1442,-101.0
1443,-385.0
1444,-71.0
1445,-390.0
1446,95.0
1447,76.0
1448,-405.0
1449,95.0
1450,-400.0
1451,95.0
1452,95.0
1453,-400.0
1454,-151.0
1455,-390.0
1456,95.0
1457,95.0
1458,95.0
1459,-142.0
1460,95.0
1461,95.0
1462,18.0
1463,-40.0
1464,-390.0
1465,83.0
1466,-63.0
1467,26.0
1468,95.0
1469,95.0
1470,-55.0
1471,-375.0
1472,95.0
1473,95.0
1474,95.0
1475,95.0
1476,-66.0
1477,-50.0
1478,95.0
1479,-153.0
1480,95.0
1481,95.0
1482,-253.0
1483,95.0
1484,95.0
1485,95.0
1486,-385.0
1487,83.0
1488,-31.0
1489,18.0
1490,83.0
1491,95.0
1492,95.0
1493,95.0
1494,-39.0
1495,95.0
1496,-234.0
1497,64.0
1498,95.0
1499,95.0
1500,95.0
1501,76.0
1502,95.0
1503,95.0
1504,95.0
1505,95.0
1506,95.0
1507,47.0
1508,-285.0
1509,8.0
1510,-390.0
1511,-395.0
1512,66.0
1513,95.0
1514,95.0
1515,-390.0
1516,83.0
1517,95.0
1518,-365.0
1519,64.0
1520,95.0
1521,95.0
1522,64.0
1523,95.0
1524,83.0
1525,-69.0
1526,-400.0
1527,57.0
1528,95.0
1529,95.0
1530,-380.0
1531,38.0
1532,83.0
1533,95.0
1534,13.0
1535,95.0
1536,-375.0
1537,95.0
1538,95.0
1539,-370.0
1540,95.0
1541,-5.0
1542,95.0
1543,-380.0
1544,83.0
1545,-35.0
1546,95.0
1547,95.0
1548,95.0
1549,95.0
1550,95.0
1551,-9.0
1552,83.0
1553,-370.0
1554,95.0
1555,95.0
1556,-370.0
1557,-252.0
1558,95.0
1559,64.0
1560,38.0
1561,0.0
1562,-50.0
1563,95.0
1564,95.0
1565,95.0
1566,-370.0
1567,-365.0
1568,95.0
1569,-370.0
1570,95.0
1571,95.0
1572,-375.0
1573,95.0
1574,-365.0
1575,95.0
1576,95.0
1577,95.0
1578,54.0
1579,-13.0
1580,-240.0
1581,-115.0
1582,-149.0
1583,-255.0
1584,-365.0
1585,-235.0
1586,-176.0
1587,95.0
1588,8.0
1589,83.0
1590,95.0
1591,-365.0
1592,-183.0
1593,95.0
1594,64.0
1595,-385.0
1596,42.0
1597,95.0
1598,35.0
1599,95.0
1600,95.0
1601,-205.0
1602,20.0
1603,95.0
1604,95.0
1605,-380.0
1606,57.0
1607,95.0
1608,95.0
1609,95.0
1610,95.0
1611,-385.0
1612,-214.0
1613,-163.0
1614,-390.0
1615,95.0
1616,-98.0
1617,95.0
1618,-72.0
1619,76.0
1620,95.0
1621,-175.0
1622,-14.0
1623,-79.0
1624,95.0
1625,95.0
1626,95.0
1627,95.0
1628,-18.0
1629,95.0
1630,-375.0
1631,95.0
1632,83.0
1633,95.0
1634,95.0
1635,95.0
1636,95.0
1637,83.0
1638,95.0
1639,95.0
1640,95.0
1641,95.0
1642,-355.0
1643,-370.0
1644,-380.0
1645,95.0
1646,95.0
1647,95.0
1648,95.0
1649,95.0
1650,-375.0
1651,-108.0
1652,95.0
1653,37.0
1654,76.0
1655,-355.0
1656,95.0
1657,95.0
1658,95.0
1659,76.0
1660,95.0
1661,95.0
1662,95.0
1663,95.0
1664,-57.0
1665,49.0
1666,40.0
1667,95.0
1668,-375.0
1669,95.0
1670,-390.0
1671,95.0
1672,76.0
1673,95.0
1674,-120.0
1675,95.0
1676,95.0
1677,95.0
1678,95.0
1679,95.0
1680,14.0
1681,95.0
1682,95.0
1683,6.0
1684,-375.0
1685,-173.0
1686,95.0
1687,95.0
1688,95.0
1689,-375.0
1690,-375.0
1691,95.0
1692,-375.0
1693,-375.0
1694,-65.0
1695,-33.0
1696,95.0
1697,-390.0
1698,95.0
1699,-380.0
1700,95.0
1701,95.0
1702,-38.0
1703,-148.0
1704,95.0
1705,95.0
1706,-190.0
1707,25.0
1708,-375.0
1709,-147.0
1710,-360.0
1711,64.0
1712,95.0
1713,95.0
1714,95.0
1715,83.0
1716,95.0
1717,95.0
1718,-370.0
1719,95.0
1720,95.0
1721,-122.0
1722,59.0
1723,-390.0
1724,95.0
1725,-207.0
1726,95.0
1727,37.0
1728,95.0
1729,45.0
1730,-375.0
1731,32.0
1732,95.0
1733,-360.0
1734,95.0
1735,83.0
1736,95.0
1737,14.0
1738,95.0
1739,95.0
1740,95.0
1741,-370.0
1742,-109.0
1743,-83.0
1744,95.0
1745,95.0
1746,-262.0
1747,13.0
1748,95.0
1749,-360.0
1750,-12.0
1751,95.0
1752,95.0
1753,-385.0
1754,-245.0
1755,-130.0
1756,95.0
1757,38.0
1758,-210.0
1759,-250.0
1760,95.0
1761,-385.0
1762,95.0
1763,-6.0
1764,49.0
1765,-253.0
1766,95.0
1767,95.0
1768,-355.0
1769,95.0
1770,95.0
1771,47.0
1772,95.0
1773,7.0
1774,95.0
1775,-350.0
1776,95.0
1777,95.0
1778,-1.0
1779,-215.0
1780,-62.0
1781,95.0
1782,95.0
1783,42.0
1784,95.0
1785,-139.0
1786,-365.0
1787,95.0
1788,95.0
1789,-340.0
1790,95.0
1791,95.0
1792,95.0
1793,95.0
1794,95.0
1795,-375.0
1796,-380.0
1797,95.0
1798,-21.0
1799,95.0
1800,95.0
1801,95.0
1802,95.0
1803,95.0
1804,-91.0
1805,95.0
1806,95.0
1807,-50.0
1808,95.0
1809,-370.0
1810,9.0
1811,95.0
1812,47.0
1813,64.0
1814,-282.0
1815,95.0
1816,95.0
1817,-385.0
1818,-355.0
1819,95.0
1820,-380.0
1821,-375.0
1822,95.0
1823,-355.0
1824,83.0
1825,95.0
1826,-385.0
1827,-50.0
1828,-170.0
1829,25.0
1830,95.0
1831,95.0
1832,-62.0
1833,-385.0
1834,95.0
1835,95.0
1836,95.0
1837,95.0
1838,95.0
1839,-16.0
1840,-375.0
1841,-365.0
1842,95.0
1843,95.0
1844,95.0
1845,95.0
1846,95.0
1847,83.0
1848,-365.0
1849,-370.0
1850,95.0
1851,95.0
1852,-365.0
1853,38.0
1854,95.0
1855,95.0
1856,95.0
1857,83.0
1858,-335.0
1859,83.0
1860,-39.0
1861,95.0
1862,95.0
1863,19.0
1864,95.0
1865,95.0
1866,95.0
1867,95.0
1868,95.0
1869,-335.0
1870,95.0
1871,83.0
1872,-380.0
1873,95.0
1874,-355.0
1875,95.0
1876,95.0
1877,-91.0
1878,-70.0
1879,95.0
1880,-370.0
1881,95.0
1882,95.0
1883,25.0
1884,95.0
1885,95.0
1886,95.0
1887,95.0
1888,95.0
1889,95.0
1890,95.0
1891,95.0
1892,-149.0
1893,95.0
1894,95.0
1895,95.0
1896,95.0
1897,9.0
1898,95.0
1899,83.0
1900,83.0
1901,95.0
1902,95.0
1903,-350.0
1904,-325.0
1905,-345.0
1906,95.0
1907,76.0
1908,95.0
1909,-390.0
1910,95.0
1911,-370.0
1912,-370.0
1913,95.0
1914,95.0
1915,95.0
1916,-370.0
1917,95.0
1918,83.0
1919,95.0
1920,95.0
1921,42.0
1922,95.0
1923,76.0
1924,95.0
1925,-365.0
1926,95.0
1927,-122.0
1928,-90.0
1929,83.0
1930,95.0
1931,-375.0
1932,76.0
1933,-380.0
1934,95.0
1935,95.0
1936,95.0
1937,-144.0
1938,-365.0
1939,95.0
1940,76.0
1941,95.0
1942,83.0
1943,95.0
1944,-350.0
1945,-132.0
1946,95.0
1947,-9.0
1948,76.0
1949,83.0
1950,83.0
1951,-375.0
1952,95.0
1953,95.0
1954,95.0
1955,95.0
1956,-44.0
1957,76.0
1958,95.0
1959,95.0
1960,95.0
1961,95.0
1962,-360.0
1963,45.0
1964,-390.0
1965,-365.0
1966,95.0
1967,95.0
1968,-375.0
1969,83.0
1970,95.0
1971,-38.0
1972,8.0
1973,-231.0
1974,95.0
1975,-375.0
1976,95.0
1977,95.0
1978,95.0
1979,-360.0
1980,95.0
1981,95.0
1982,-38.0
1983,95.0
1984,95.0
1985,54.0
1986,-64.0
1987,95.0
1988,-360.0
1989,83.0
1990,76.0
1991,-365.0
1992,95.0
1993,-222.0
1994,83.0
1995,-26.0
1996,-6.0
1997,66.0
1998,1.0
1999,95.0
2000,19.0
2001,-380.0
2002,95.0
2003,95.0
2004,83.0
2005,-365.0
2006,-365.0
2007,95.0
2008,64.0
2009,95.0
2010,95.0
2011,95.0
2012,95.0
2013,95.0
2014,-74.0
2015,95.0
2016,-355.0
2017,95.0
2018,76.0
2019,-370.0
2020,95.0
2021,-375.0
2022,95.0
2023,95.0
2024,95.0
2025,95.0
2026,95.0
2027,-9.0
2028,-173.0
2029,-149.0
2030,13.0
2031,-365.0
2032,-46.0
2033,95.0
2034,95.0
2035,-59.0
2036,64.0
2037,-380.0
2038,95.0
2039,20.0
2040,95.0
2041,95.0
2042,95.0
2043,-340.0
2044,95.0
2045,95.0
2046,-370.0
2047,-91.0
2048,95.0
2049,95.0
2050,54.0
2051,95.0
2052,95.0
2053,95.0
2054,95.0
2055,95.0
2056,95.0
2057,83.0
2058,57.0
2059,95.0
2060,76.0
2061,95.0
2062,-260.0
2063,-160.0
2064,95.0
2065,95.0
2066,95.0
2067,95.0
2068,95.0
2069,-258.0
2070,-49.0
2071,-375.0
2072,95.0
2073,95.0
2074,-193.0
2075,95.0
2076,1.0
2077,-182.0
2078,95.0
2079,95.0
2080,-380.0
2081,-375.0
2082,-71.0
2083,83.0
2084,42.0
2085,95.0
2086,95.0
2087,11.0
2088,95.0
2089,95.0
2090,95.0
2091,-178.0
2092,-365.0
2093,95.0
2094,95.0
2095,95.0
2096,-23.0
2097,95.0
2098,-84.0
2099,-370.0
2100,57.0
2101,42.0
2102,-108.0
2103,95.0
2104,-73.0
2105,-45.0
2106,66.0
2107,-375.0
2108,-355.0
2109,-23.0
2110,95.0
2111,-255.0
2112,64.0
2113,95.0
2114,95.0
2115,-260.0
2116,95.0
2117,95.0
2118,95.0
2119,23.0
2120,95.0
2121,95.0
2122,95.0
2123,95.0
2124,76.0
2125,-380.0
2126,-122.0
2127,95.0
2128,95.0
2129,95.0
2130,95.0
2131,95.0
2132,95.0
2133,-360.0
2134,95.0
2135,76.0
2136,95.0
2137,-370.0
2138,-138.0
2139,95.0
2140,-9.0
2141,95.0
2142,-360.0
2143,-133.0
2144,-360.0
2145,95.0
2146,-88.0
2147,-360.0
2148,95.0
2149,-98.0
2150,76.0
2151,95.0
2152,37.0
2153,95.0
2154,95.0
2155,-91.0
2156,-370.0
2157,95.0
2158,95.0
2159,3.0
2160,-105.0
2161,95.0
2162,-183.0
2163,95.0
2164,-385.0
2165,-370.0
2166,-360.0
2167,-355.0
2168,-91.0
2169,-375.0
2170,42.0
2171,71.0
2172,64.0
2173,-9.0
2174,-355.0
2175,95.0
2176,83.0
2177,95.0
2178,-365.0
2179,66.0
2180,49.0
2181,-350.0
2182,-390.0
2183,-385.0
2184,-122.0
2185,95.0
2186,95.0
2187,95.0
2188,83.0
2189,95.0
2190,-370.0
2191,3.0
2192,-27.0
2193,95.0
2194,-370.0
2195,-51.0
2196,83.0
2197,37.0
2198,83.0
2199,-380.0
2200,-88.0
2201,-365.0
2202,-380.0
2203,-161.0
2204,25.0
2205,95.0
2206,6.0
2207,83.0
2208,95.0
2209,95.0
2210,95.0
2211,95.0
2212,54.0
2213,83.0
2214,95.0
2215,95.0
2216,-380.0
2217,95.0
2218,95.0
2219,95.0
2220,95.0
2221,-256.0
2222,95.0
2223,-360.0
2224,83.0
2225,95.0
2226,95.0
2227,-370.0
2228,95.0
2229,-370.0
2230,95.0
2231,-13.0
2232,95.0
2233,-370.0
2234,-4.0
2235,-125.0
2236,95.0
2237,95.0
2238,95.0
2239,-365.0
2240,95.0
2241,-365.0
2242,-67.0
2243,-91.0
2244,95.0
2245,-360.0
2246,66.0
2247,64.0
2248,95.0
2249,1.0
2250,95.0
2251,18.0
2252,95.0
2253,95.0
2254,95.0
2255,83.0
2256,54.0
2257,95.0
2258,-21.0
2259,-16.0
2260,6.0
2261,95.0
2262,95.0
2263,95.0
2264,95.0
2265,95.0
2266,-234.0
2267,95.0
2268,-103.0
2269,95.0
2270,-365.0
2271,38.0
2272,32.0
2273,95.0
2274,-365.0
2275,83.0
2276,95.0
2277,66.0
2278,95.0
2279,66.0
2280,-21.0
2281,-122.0
2282,95.0
2283,-45.0
2284,-355.0
2285,-360.0
2286,83.0
2287,83.0
2288,-360.0
2289,18.0
2290,95.0
2291,95.0
2292,95.0
2293,95.0
2294,95.0
2295,-365.0
2296,95.0
2297,95.0
2298,95.0
2299,76.0
2300,95.0
2301,-375.0
2302,-370.0
2303,95.0
2304,95.0
2305,-375.0
2306,-50.0
2307,95.0
2308,95.0
2309,47.0
2310,-385.0
2311,95.0
2312,-375.0
2313,95.0
2314,-71.0
2315,-375.0
2316,-365.0
2317,-253.0
2318,95.0
2319,-365.0
2320,66.0
2321,95.0
2322,95.0
2323,95.0
2324,-365.0
2325,23.0
2326,-185.0
2327,95.0
2328,-375.0
2329,95.0
2330,95.0
2331,59.0
2332,95.0
2333,-355.0
2334,95.0
2335,-243.0
2336,95.0
2337,95.0
2338,95.0
2339,95.0
2340,95.0
2341,95.0
2342,95.0
2343,-216.0
2344,-370.0
2345,-175.0
2346,95.0
2347,95.0
2348,-355.0
2349,95.0
2350,54.0
2351,95.0
2352,-62.0
2353,95.0
2354,95.0
2355,95.0
2356,-370.0
2357,18.0
2358,95.0
2359,-11.0
2360,95.0
2361,95.0
2362,64.0
2363,-375.0
2364,95.0
2365,-355.0
2366,-355.0
2367,25.0
2368,-91.0
2369,95.0
2370,95.0
2371,-355.0
2372,95.0
2373,66.0
2374,95.0
2375,83.0
2376,95.0
2377,95.0
2378,95.0
2379,95.0
2380,95.0
2381,-137.0
2382,-365.0
2383,95.0
2384,95.0
2385,54.0
2386,-365.0
2387,13.0
2388,95.0
2389,95.0
2390,95.0
2391,-49.0
2392,95.0
2393,95.0
2394,95.0
2395,-4.0
2396,95.0
2397,-350.0
2398,95.0
2399,-375.0
2400,-360.0
2401,95.0
2402,-33.0
2403,-19.0
2404,95.0
2405,-360.0
2406,95.0
2407,95.0
2408,95.0
2409,83.0
2410,49.0
2411,-365.0
2412,95.0
2413,-1.0
2414,54.0
2415,95.0
2416,-350.0
2417,-365.0
2418,-21.0
2419,95.0
2420,95.0
2421,95.0
2422,95.0
2423,83.0
2424,-360.0
2425,83.0
2426,95.0
2427,66.0
2428,-380.0
2429,-45.0
2430,83.0
2431,54.0
2432,-163.0
2433,95.0
2434,-370.0
2435,-365.0
2436,-79.0
2437,95.0
2438,-355.0
2439,-96.0
2440,25.0
2441,-365.0
2442,95.0
2443,37.0
2444,-340.0
2445,95.0
2446,-16.0
2447,95.0
2448,66.0
2449,95.0
2450,-340.0
2451,95.0
2452,95.0
2453,95.0
2454,76.0
2455,54.0
2456,95.0
2457,95.0
2458,-375.0
2459,-21.0
2460,-11.0
2461,95.0
2462,95.0
2463,95.0
2464,95.0
2465,95.0
2466,95.0
2467,-350.0
2468,95.0
2469,95.0
2470,47.0
2471,95.0
2472,-345.0
2473,95.0
2474,95.0
2475,-192.0
2476,-355.0
2477,95.0
2478,95.0
2479,-355.0
2480,95.0
2481,-380.0
2482,95.0
2483,11.0
2484,95.0
2485,76.0
2486,95.0
2487,-235.0
2488,95.0
2489,95.0
2490,76.0
2491,-375.0
2492,95.0
2493,83.0
2494,95.0
2495,95.0
2496,95.0
2497,95.0
2498,95.0
2499,95.0
2500,95.0
2501,-365.0
2502,-111.0
2503,95.0
2504,95.0
2505,54.0
2506,95.0
2507,64.0
2508,95.0
2509,95.0
2510,95.0
2511,-182.0
2512,-62.0
2513,83.0
2514,95.0
2515,95.0
2516,95.0
2517,6.0
2518,95.0
2519,95.0
2520,95.0
2521,37.0
2522,76.0
2523,95.0
2524,95.0
2525,95.0
2526,54.0
2527,83.0
2528,95.0
2529,95.0
2530,-226.0
2531,76.0
2532,-360.0
2533,95.0
2534,76.0
2535,95.0
2536,95.0
2537,95.0
2538,95.0
2539,95.0
2540,95.0
2541,95.0
2542,76.0
2543,95.0
2544,95.0
2545,95.0
2546,-355.0
2547,-365.0
2548,-253.0
2549,95.0
2550,95.0
2551,95.0
2552,-355.0
2553,30.0
2554,76.0
2555,-226.0
2556,95.0
2557,95.0
2558,-183.0
2559,95.0
2560,-178.0
2561,-134.0
2562,-345.0
2563,-365.0
2564,-175.0
2565,95.0
2566,95.0
2567,95.0
2568,-355.0
2569,95.0
2570,-365.0
2571,95.0
2572,-263.0
2573,-365.0
2574,95.0
2575,66.0
2576,-365.0
2577,95.0
2578,54.0
2579,-69.0
2580,95.0
2581,42.0
2582,54.0
2583,95.0
2584,-11.0
2585,95.0
2586,-360.0
2587,54.0
2588,-345.0
2589,95.0
2590,-385.0
2591,30.0
2592,35.0
2593,95.0
2594,54.0
2595,-365.0
2596,76.0
2597,95.0
2598,-62.0
2599,-35.0
2600,95.0
2601,-45.0
2602,76.0
2603,95.0
2604,-35.0
2605,95.0
2606,76.0
2607,95.0
2608,95.0
2609,95.0
2610,76.0
2611,95.0
2612,95.0
2613,30.0
2614,95.0
2615,95.0
2616,95.0
2617,-395.0
2618,54.0
2619,95.0
2620,95.0
2621,95.0
2622,-375.0
2623,-355.0
2624,95.0
2625,95.0
2626,54.0
2627,95.0
2628,95.0
2629,95.0
2630,95.0
2631,76.0
2632,95.0
2633,95.0
2634,54.0
2635,95.0
2636,-345.0
2637,76.0
2638,95.0
2639,66.0
2640,-119.0
2641,83.0
2642,95.0
2643,95.0
2644,95.0
2645,95.0
2646,95.0
2647,95.0
2648,49.0
2649,19.0
2650,95.0
2651,83.0
2652,95.0
2653,95.0
2654,-360.0
2655,95.0
2656,95.0
2657,95.0
2658,95.0
2659,83.0
2660,95.0
2661,83.0
2662,95.0
2663,-360.0
2664,95.0
2665,95.0
2666,76.0
2667,95.0
2668,95.0
2669,8.0
2670,95.0
2671,95.0
2672,95.0
2673,95.0
2674,-360.0
2675,95.0
2676,64.0
2677,95.0
2678,95.0
2679,95.0
2680,-365.0
2681,95.0
2682,83.0
2683,95.0
2684,20.0
2685,-335.0
2686,95.0
2687,37.0
2688,-345.0
2689,95.0
2690,95.0
2691,-355.0
2692,95.0
2693,95.0
2694,95.0
2695,95.0
2696,76.0
2697,-365.0
2698,-231.0
2699,95.0
2700,-345.0
2701,76.0
2702,95.0
2703,-365.0
2704,95.0
2705,-345.0
2706,-395.0
2707,95.0
2708,95.0
2709,95.0
2710,95.0
2711,-229.0
2712,95.0
2713,95.0
2714,95.0
2715,54.0
2716,95.0
2717,95.0
2718,-375.0
2719,66.0
2720,95.0
2721,76.0
2722,95.0
2723,-385.0
2724,32.0
2725,76.0
2726,95.0
2727,95.0
2728,95.0
2729,95.0
2730,-45.0
2731,-380.0
2732,95.0
2733,-370.0
2734,-380.0
2735,-355.0
2736,95.0
2737,95.0
2738,95.0
2739,95.0
2740,95.0
2741,95.0
2742,95.0
2743,6.0
2744,-385.0
2745,95.0
2746,-375.0
2747,95.0
2748,95.0
2749,95.0
2750,-345.0
2751,-335.0
2752,95.0
2753,30.0
2754,95.0
2755,76.0
2756,38.0
2757,95.0
2758,95.0
2759,95.0
2760,76.0
2761,37.0
2762,-355.0
2763,95.0
2764,-330.0
2765,95.0
2766,95.0
2767,76.0
2768,95.0
2769,-370.0
2770,-350.0
2771,-330.0
2772,95.0
2773,-20.0
2774,-310.0
2775,-310.0
2776,95.0
2777,95.0
2778,95.0
2779,95.0
2780,-360.0
2781,95.0
2782,95.0
2783,-335.0
2784,-375.0
2785,95.0
2786,-38.0
2787,-25.0
2788,-33.0
2789,95.0
2790,95.0
2791,95.0
2792,95.0
2793,95.0
2794,95.0
2795,-345.0
2796,95.0
2797,-6.0
2798,95.0
2799,95.0
2800,95.0
2801,6.0
2802,95.0
2803,-345.0
2804,95.0
2805,54.0
2806,-340.0
2807,95.0
2808,95.0
2809,95.0
2810,95.0
2811,95.0
2812,-345.0
2813,76.0
2814,-13.0
2815,-199.0
2816,-91.0
2817,-35.0
2818,95.0
2819,95.0
2820,95.0
2821,83.0
2822,95.0
2823,-345.0
2824,95.0
2825,-90.0
2826,-23.0
2827,95.0
2828,23.0
2829,95.0
2830,95.0
2831,-62.0
2832,95.0
2833,95.0
2834,-345.0
2835,95.0
2836,11.0
2837,95.0
2838,95.0
2839,95.0
2840,95.0
2841,95.0
2842,76.0
2843,95.0
2844,95.0
2845,95.0
2846,76.0
2847,42.0
2848,95.0
2849,-355.0
2850,52.0
2851,21.0
2852,40.0
2853,83.0
2854,95.0
2855,83.0
2856,-64.0
2857,-18.0
2858,-330.0
2859,95.0
2860,76.0
2861,95.0
2862,-350.0
2863,95.0
2864,95.0
2865,76.0
2866,95.0
2867,95.0
2868,95.0
2869,95.0
2870,95.0
2871,95.0
2872,95.0
2873,54.0
2874,54.0
2875,95.0
2876,42.0
2877,95.0
2878,76.0
2879,95.0
2880,76.0
2881,95.0
2882,40.0
2883,-325.0
2884,95.0
2885,95.0
2886,71.0
2887,95.0
2888,-6.0
2889,95.0
2890,-345.0
2891,95.0
2892,95.0
2893,95.0
2894,25.0
2895,59.0
2896,6.0
2897,95.0
2898,57.0
2899,95.0
2900,95.0
2901,95.0
2902,54.0
2903,42.0
2904,54.0
2905,95.0
2906,95.0
2907,95.0
2908,95.0
2909,-340.0
2910,95.0
2911,95.0
2912,95.0
2913,95.0
2914,54.0
2915,83.0
2916,95.0
2917,95.0
2918,76.0
2919,71.0
2920,95.0
2921,71.0
2922,-345.0
2923,40.0
2924,95.0
2925,52.0
2926,-360.0
2927,95.0
2928,42.0
2929,-132.0
2930,64.0
2931,95.0
2932,95.0
2933,95.0
2934,83.0
2935,95.0
2936,95.0
2937,95.0
2938,95.0
2939,71.0
2940,76.0
2941,32.0
2942,59.0
2943,-350.0
2944,95.0
2945,8.0
2946,-350.0
2947,95.0
2948,76.0
2949,95.0
2950,95.0
2951,95.0
2952,95.0
2953,28.0
2954,25.0
2955,95.0
2956,95.0
2957,95.0
2958,95.0
2959,95.0
2960,-320.0
2961,-64.0
2962,-360.0
2963,71.0
2964,95.0
2965,13.0
2966,95.0
2967,76.0
2968,95.0
2969,95.0
2970,3.0
2971,95.0
2972,54.0
2973,59.0
2974,95.0
2975,-35.0
2976,95.0
2977,-350.0
2978,83.0
2979,95.0
2980,95.0
2981,95.0
2982,95.0
2983,95.0
2984,-350.0
2985,95.0
2986,-360.0
2987,-350.0
2988,-44.0
2989,-360.0
2990,95.0
2991,42.0
2992,-335.0
2993,95.0
2994,30.0
2995,95.0
2996,95.0
2997,-71.0
2998,95.0
2999,95.0
3000,-16.0
3001,-305.0
3002,71.0
3003,95.0
3004,-315.0
3005,-57.0
3006,95.0
3007,52.0
3008,83.0
3009,95.0
3010,95.0
3011,95.0
3012,83.0
3013,13.0
3014,30.0
3015,37.0
3016,95.0
3017,37.0
3018,95.0
3019,95.0
3020,95.0
3021,54.0
3022,95.0
3023,95.0
3024,95.0
3025,95.0
3026,95.0
3027,-28.0
3028,95.0
3029,95.0
3030,95.0
3031,95.0
3032,-33.0
3033,95.0
3034,95.0
3035,71.0
3036,95.0
3037,95.0
3038,66.0
3039,95.0
3040,52.0
3041,83.0
3042,95.0
3043,95.0
3044,95.0
3045,-350.0
3046,95.0
3047,95.0
3048,95.0
3049,-350.0
3050,-69.0
3051,95.0
3052,95.0
3053,95.0
3054,20.0
3055,71.0
3056,52.0
3057,8.0
3058,71.0
3059,95.0
3060,-11.0
3061,83.0
3062,95.0
3063,95.0
3064,95.0
3065,95.0
3066,95.0
3067,76.0
3068,-345.0
3069,95.0
3070,95.0
3071,95.0
3072,54.0
3073,95.0
3074,95.0
3075,-350.0
3076,-370.0
3077,95.0
3078,95.0
3079,57.0
3080,95.0
3081,54.0
3082,71.0
3083,95.0
3084,95.0
3085,95.0
3086,59.0
3087,95.0
3088,52.0
3089,95.0
3090,76.0
3091,76.0
3092,95.0
3093,95.0
3094,95.0
3095,52.0
3096,95.0
3097,95.0
3098,95.0
3099,-23.0
3100,95.0
3101,95.0
3102,-340.0
3103,95.0
3104,71.0
3105,59.0
3106,-365.0
3107,-360.0
3108,95.0
3109,95.0
3110,95.0
3111,95.0
3112,71.0
3113,83.0
3114,95.0
3115,95.0
3116,52.0
3117,95.0
3118,95.0
3119,71.0
3120,95.0
3121,95.0
3122,71.0
3123,54.0
3124,95.0
3125,-335.0
3126,59.0
3127,95.0
3128,95.0
3129,71.0
3130,-360.0
3131,32.0
3132,83.0
3133,95.0
3134,-365.0
3135,95.0
3136,52.0
3137,95.0
3138,95.0
3139,25.0
3140,-151.0
3141,95.0
3142,71.0
3143,95.0
3144,95.0
3145,95.0
3146,-330.0
3147,95.0
3148,95.0
3149,38.0
3150,-330.0
3151,59.0
3152,20.0
3153,57.0
3154,95.0
3155,95.0
3156,95.0
3157,95.0
3158,59.0
3159,42.0
3160,95.0
3161,71.0
3162,95.0
3163,95.0
3164,95.0
3165,95.0
3166,95.0
3167,83.0
3168,83.0
3169,95.0
3170,95.0
3171,95.0
3172,20.0
3173,95.0
3174,95.0
3175,95.0
3176,95.0
3177,95.0
3178,71.0
3179,71.0
3180,59.0
3181,95.0
3182,95.0
3183,71.0
3184,95.0
3185,95.0
3186,95.0
3187,-305.0
3188,95.0
3189,-325.0
3190,83.0
3191,95.0
3192,95.0
3193,95.0
3194,-310.0
3195,95.0
3196,71.0
3197,-305.0
3198,52.0
3199,95.0
3200,-320.0
3201,95.0
3202,13.0
3203,95.0
3204,83.0
3205,95.0
3206,95.0
3207,95.0
3208,95.0
3209,95.0
3210,59.0
3211,-325.0
3212,95.0
3213,95.0
3214,49.0
3215,-310.0
3216,95.0
3217,95.0
3218,95.0
3219,95.0
3220,52.0
3221,-129.0
3222,47.0
3223,66.0
3224,95.0
3225,95.0
3226,83.0
3227,-305.0
3228,95.0
3229,95.0
3230,-315.0
3231,95.0
3232,95.0
3233,71.0
3234,71.0
3235,95.0
3236,13.0
3237,95.0
3238,64.0
3239,71.0
3240,95.0
3241,95.0
3242,-305.0
3243,-69.0
3244,-127.0
3245,-141.0
3246,95.0
3247,95.0
3248,71.0
3249,-11.0
3250,95.0
3251,95.0
3252,35.0
3253,95.0
3254,95.0
3255,95.0
3256,-315.0
3257,95.0
3258,95.0
3259,-350.0
3260,52.0
3261,95.0
3262,95.0
3263,71.0
3264,95.0
3265,71.0
3266,57.0
3267,95.0
3268,59.0
3269,76.0
3270,83.0
3271,95.0
3272,49.0
3273,95.0
3274,-305.0
3275,95.0
3276,71.0
3277,54.0
3278,95.0
3279,57.0
3280,-315.0
3281,52.0
3282,-300.0
3283,95.0
3284,95.0
3285,-320.0
3286,95.0
3287,-325.0
3288,95.0
3289,-315.0
3290,95.0
3291,-192.0
3292,-325.0
3293,95.0
3294,95.0
3295,95.0
3296,95.0
3297,-199.0
3298,95.0
3299,52.0
3300,95.0
3301,20.0
3302,95.0
3303,54.0
3304,95.0
3305,52.0
3306,-325.0
3307,13.0
3308,54.0
3309,95.0
3310,-325.0
3311,95.0
3312,83.0
3313,95.0
3314,95.0
3315,95.0
3316,83.0
3317,-320.0
3318,95.0
3319,13.0
3320,57.0
3321,71.0
3322,95.0
3323,-180.0
3324,71.0
3325,83.0
3326,95.0
3327,71.0
3328,-20.0
3329,95.0
3330,95.0
3331,-325.0
3332,95.0
3333,95.0
3334,95.0
3335,-315.0
3336,95.0
3337,-320.0
3338,83.0
3339,-305.0
3340,57.0
3341,95.0
3342,95.0
3343,40.0
3344,95.0
3345,-136.0
3346,95.0
3347,83.0
3348,71.0
3349,95.0
3350,-320.0
3351,95.0
3352,95.0
3353,83.0
3354,-42.0
3355,95.0
3356,76.0
3357,54.0
3358,-218.0
3359,83.0
3360,47.0
3361,95.0
3362,95.0
3363,95.0
3364,52.0
3365,71.0
3366,32.0
3367,95.0
3368,52.0
3369,95.0
3370,52.0
3371,95.0
3372,95.0
3373,95.0
3374,-325.0
3375,-310.0
3376,95.0
3377,95.0
3378,95.0
3379,95.0
3380,42.0
3381,42.0
3382,37.0
3383,71.0
3384,95.0
3385,95.0
3386,95.0
3387,95.0
3388,95.0
3389,-167.0
3390,57.0
3391,83.0
3392,71.0
3393,95.0
3394,-315.0
3395,95.0
3396,95.0
3397,95.0
3398,95.0
3399,49.0
3400,95.0
3401,95.0
3402,95.0
3403,-325.0
3404,-325.0
3405,95.0
3406,95.0
3407,95.0
3408,95.0
3409,95.0
3410,-310.0
3411,95.0
3412,95.0
3413,95.0
3414,-310.0
3415,52.0
3416,-310.0
3417,95.0
3418,95.0
3419,83.0
3420,95.0
3421,52.0
3422,95.0
3423,71.0
3424,-315.0
3425,59.0
3426,95.0
3427,95.0
3428,95.0
3429,-305.0
3430,95.0
3431,-127.0
3432,95.0
3433,54.0
3434,95.0
3435,95.0
3436,-315.0
3437,76.0
3438,3.0
3439,95.0
3440,83.0
3441,95.0
3442,95.0
3443,95.0
3444,71.0
3445,95.0
3446,52.0
3447,71.0
3448,83.0
3449,25.0
3450,95.0
3451,42.0
3452,95.0
3453,95.0
3454,95.0
3455,95.0
3456,-315.0
3457,95.0
3458,95.0
3459,54.0
3460,83.0
3461,83.0
3462,71.0
3463,95.0
3464,95.0
3465,95.0
3466,-315.0
3467,95.0
3468,-305.0
3469,76.0
3470,95.0
3471,95.0
3472,-310.0
3473,59.0
3474,95.0
3475,95.0
3476,95.0
3477,-305.0
3478,95.0
3479,54.0
3480,95.0
3481,95.0
3482,95.0
3483,-310.0
3484,95.0
3485,95.0
3486,71.0
3487,-88.0
3488,95.0
3489,95.0
3490,95.0
3491,95.0
3492,66.0
3493,71.0
3494,-315.0
3495,-315.0
3496,95.0
3497,-315.0
3498,83.0
3499,95.0
3500,95.0
3501,95.0
3502,13.0
3503,95.0
3504,64.0
3505,83.0
3506,-310.0
3507,95.0
3508,59.0
3509,95.0
3510,-78.0
3511,11.0
3512,95.0
3513,83.0
3514,95.0
3515,95.0
3516,95.0
3517,76.0
3518,95.0
3519,95.0
3520,-315.0
3521,95.0
3522,71.0
3523,-305.0
3524,-305.0
3525,95.0
3526,-65.0
3527,95.0
3528,95.0
3529,-310.0
3530,95.0
3531,83.0
3532,95.0
3533,-116.0
3534,49.0
3535,95.0
3536,71.0
3537,95.0
3538,95.0
3539,95.0
3540,95.0
3541,64.0
3542,-315.0
3543,95.0
3544,95.0
3545,57.0
3546,83.0
3547,76.0
3548,95.0
3549,95.0
3550,83.0
3551,95.0
3552,95.0
3553,32.0
3554,83.0
3555,71.0
3556,-300.0
3557,57.0
3558,95.0
3559,-315.0
3560,95.0
3561,95.0
3562,64.0
3563,95.0
3564,-315.0
3565,95.0
3566,83.0
3567,95.0
3568,83.0
3569,95.0
3570,95.0
3571,95.0
3572,95.0
3573,95.0
3574,95.0
3575,71.0
3576,95.0
3577,95.0
3578,71.0
3579,95.0
3580,95.0
3581,76.0
3582,38.0
3583,95.0
3584,71.0
3585,95.0
3586,95.0
3587,95.0
3588,-315.0
3589,95.0
3590,-315.0
3591,83.0
3592,95.0
3593,95.0
3594,95.0
3595,95.0
3596,-30.0
3597,95.0
3598,95.0
3599,95.0
3600,71.0
3601,95.0
3602,-310.0
3603,95.0
3604,57.0
3605,95.0
3606,71.0
3607,95.0
3608,95.0
3609,14.0
3610,-330.0
3611,4.0
3612,64.0
3613,3.0
3614,95.0
3615,76.0
3616,-68.0
3617,71.0
3618,95.0
3619,57.0
3620,95.0
3621,71.0
3622,95.0
3623,95.0
3624,71.0
3625,64.0
3626,95.0
3627,71.0
3628,95.0
3629,83.0
3630,95.0
3631,-43.0
3632,71.0
3633,95.0
3634,95.0
3635,95.0
3636,95.0
3637,64.0
3638,95.0
3639,33.0
3640,-305.0
3641,95.0
3642,95.0
3643,-49.0
3644,95.0
3645,95.0
3646,95.0
3647,95.0
3648,95.0
3649,71.0
3650,95.0
3651,95.0
3652,-300.0
3653,95.0
3654,8.0
3655,95.0
3656,-37.0
3657,71.0
3658,95.0
3659,47.0
3660,95.0
3661,95.0
3662,95.0
3663,95.0
3664,95.0
3665,-5.0
3666,71.0
3667,95.0
3668,71.0
3669,95.0
3670,95.0
3671,-112.0
3672,-300.0
3673,95.0
3674,95.0
3675,-300.0
3676,95.0
3677,95.0
3678,83.0
3679,95.0
3680,-85.0
3681,71.0
3682,37.0
3683,95.0
3684,95.0
3685,40.0
3686,-310.0
3687,95.0
3688,26.0
3689,26.0
3690,95.0
3691,30.0
3692,64.0
3693,95.0
3694,-210.0
3695,83.0
3696,83.0
3697,95.0
3698,-300.0
3699,42.0
3700,52.0
3701,52.0
3702,95.0
3703,-30.0
3704,37.0
3705,95.0
3706,95.0
3707,-100.0
3708,-320.0
3709,-310.0
3710,95.0
3711,95.0
3712,95.0
3713,40.0
3714,57.0
3715,20.0
3716,71.0
3717,52.0
3718,95.0
3719,95.0
3720,95.0
3721,18.0
3722,95.0
3723,32.0
3724,95.0
3725,95.0
3726,-305.0
3727,71.0
3728,95.0
3729,95.0
3730,95.0
3731,95.0
3732,71.0
3733,95.0
3734,95.0
3735,95.0
3736,95.0
3737,71.0
3738,95.0
3739,95.0
3740,95.0
3741,95.0
3742,-25.0
3743,95.0
3744,-105.0
3745,52.0
3746,-76.0
3747,-305.0
3748,76.0
3749,95.0
3750,71.0
3751,95.0
3752,95.0
3753,95.0
3754,95.0
3755,71.0
3756,64.0
3757,95.0
3758,-1.0
3759,95.0
3760,-25.0
3761,95.0
3762,71.0
3763,83.0
3764,95.0
3765,95.0
3766,95.0
3767,59.0
3768,95.0
3769,95.0
3770,37.0
3771,76.0
3772,95.0
3773,95.0
3774,83.0
3775,71.0
3776,71.0
3777,95.0
3778,-38.0
3779,18.0
3780,95.0
3781,59.0
3782,13.0
3783,54.0
3784,95.0
3785,71.0
3786,16.0
3787,95.0
3788,-305.0
3789,95.0
3790,95.0
3791,71.0
3792,95.0
3793,71.0
3794,95.0
3795,95.0
3796,95.0
3797,-310.0
3798,-300.0
3799,-21.0
3800,95.0
3801,33.0
3802,95.0
3803,95.0
3804,95.0
3805,95.0
3806,95.0
3807,-23.0
3808,71.0
3809,95.0
3810,83.0
3811,-320.0
3812,-300.0
3813,95.0
3814,95.0
3815,95.0
3816,95.0
3817,95.0
3818,95.0
3819,95.0
3820,95.0
3821,-143.0
3822,95.0
3823,47.0
3824,95.0
3825,95.0
3826,76.0
3827,95.0
3828,95.0
3829,95.0
3830,95.0
3831,37.0
3832,95.0
3833,47.0
3834,95.0
3835,95.0
3836,95.0
3837,71.0
3838,95.0
3839,95.0
3840,38.0
3841,95.0
3842,95.0
3843,95.0
3844,64.0
3845,95.0
3846,4.0
3847,95.0
3848,95.0
3849,95.0
3850,95.0
3851,95.0
3852,83.0
3853,8.0
3854,18.0
3855,95.0
3856,-44.0
3857,71.0
3858,52.0
3859,95.0
3860,95.0
3861,23.0
3862,71.0
3863,71.0
3864,71.0
3865,95.0
3866,33.0
3867,95.0
3868,95.0
3869,95.0
3870,95.0
3871,95.0
3872,20.0
3873,-44.0
3874,95.0
3875,95.0
3876,6.0
3877,95.0
3878,95.0
3879,76.0
3880,30.0
3881,95.0
3882,71.0
3883,95.0
3884,95.0
3885,0.0
3886,71.0
3887,95.0
3888,95.0
3889,95.0
3890,95.0
3891,95.0
3892,45.0
3893,95.0
3894,83.0
3895,95.0
3896,95.0
3897,95.0
3898,95.0
3899,76.0
3900,95.0
3901,-54.0
3902,83.0
3903,95.0
3904,95.0
3905,95.0
3906,95.0
3907,-64.0
3908,95.0
3909,-105.0
3910,95.0
3911,95.0
3912,95.0
3913,95.0
3914,95.0
3915,95.0
3916,83.0
3917,95.0
3918,95.0
3919,83.0
3920,-78.0
3921,95.0
3922,95.0
3923,95.0
3924,76.0
3925,40.0
3926,95.0
3927,-191.0
3928,11.0
3929,64.0
3930,59.0
3931,95.0
3932,95.0
3933,95.0
3934,95.0
3935,95.0
3936,71.0
3937,71.0
3938,95.0
3939,-400.0
3940,-193.0
3941,71.0
3942,95.0
3943,40.0
3944,95.0
3945,49.0
3946,-125.0
3947,95.0
3948,37.0
3949,95.0
3950,64.0
3951,83.0
3952,28.0
3953,71.0
3954,52.0
3955,95.0
3956,95.0
3957,71.0
3958,-32.0
3959,95.0
3960,-56.0
3961,0.0
3962,71.0
3963,-330.0
3964,95.0
3965,64.0
3966,95.0
3967,95.0
3968,64.0
3969,71.0
3970,64.0
3971,76.0
3972,95.0
3973,95.0
3974,-20.0
3975,95.0
3976,83.0
3977,66.0
3978,59.0
3979,95.0
3980,95.0
3981,71.0
3982,95.0
3983,95.0
3984,95.0
3985,95.0
3986,95.0
3987,95.0
3988,95.0
3989,83.0
3990,59.0
3991,95.0
3992,-8.0
3993,42.0
3994,52.0
3995,95.0
3996,37.0
3997,95.0
3998,95.0
3999,95.0
4000,83.0
4001,95.0
4002,95.0
4003,40.0
4004,6.0
4005,95.0
4006,-114.0
4007,95.0
4008,95.0
4009,95.0
4010,95.0
4011,95.0
4012,95.0
4013,95.0
4014,95.0
4015,83.0
4016,95.0
4017,95.0
4018,37.0
4019,95.0
4020,54.0
4021,95.0
4022,37.0
4023,71.0
4024,95.0
4025,95.0
4026,52.0
4027,95.0
4028,95.0
4029,95.0
4030,71.0
4031,95.0
4032,-101.0
4033,95.0
4034,76.0
4035,71.0
4036,-21.0
4037,71.0
4038,71.0
4039,71.0
4040,71.0
4041,95.0
4042,95.0
4043,95.0
4044,95.0
4045,-6.0
4046,95.0
4047,59.0
4048,95.0
4049,95.0
4050,71.0
4051,38.0
4052,45.0
4053,95.0
4054,83.0
4055,95.0
4056,95.0
4057,95.0
4058,95.0
4059,52.0
4060,83.0
4061,42.0
4062,49.0
4063,76.0
4064,-71.0
4065,95.0
4066,95.0
4067,95.0
4068,95.0
4069,57.0
4070,95.0
4071,95.0
4072,66.0
4073,95.0
4074,35.0
4075,95.0
4076,71.0
4077,95.0
4078,95.0
4079,14.0
4080,95.0
4081,83.0
4082,71.0
4083,95.0
4084,83.0
4085,95.0
4086,37.0
4087,64.0
4088,57.0
4089,95.0
4090,64.0
4091,95.0
4092,4.0
4093,95.0
4094,95.0
4095,52.0
4096,37.0
4097,83.0
4098,52.0
4099,95.0
4100,52.0
4101,95.0
4102,95.0
4103,95.0
4104,95.0
4105,95.0
4106,95.0
4107,95.0
4108,95.0
4109,-44.0
4110,95.0
4111,52.0
4112,13.0
4113,95.0
4114,95.0
4115,95.0
4116,18.0
4117,95.0
4118,95.0
4119,95.0
4120,95.0
4121,95.0
4122,52.0
4123,3.0
4124,95.0
4125,76.0
4126,95.0
4127,35.0
4128,83.0
4129,95.0
4130,71.0
4131,95.0
4132,-5.0
4133,95.0
4134,95.0
4135,52.0
4136,95.0
4137,95.0
4138,95.0
4139,71.0
4140,95.0
4141,37.0
4142,95.0
4143,95.0
4144,95.0
4145,83.0
4146,26.0
4147,95.0
4148,59.0
4149,95.0
4150,95.0
4151,95.0
4152,52.0
4153,95.0
4154,95.0
4155,71.0
4156,95.0
4157,95.0
4158,95.0
4159,95.0
4160,64.0
4161,83.0
4162,95.0
4163,83.0
4164,95.0
4165,71.0
4166,71.0
4167,83.0
4168,37.0
4169,95.0
4170,71.0
4171,76.0
4172,95.0
4173,95.0
4174,66.0
4175,76.0
4176,95.0
4177,95.0
4178,25.0
4179,54.0
4180,71.0
4181,76.0
4182,71.0
4183,71.0
4184,95.0
4185,37.0
4186,95.0
4187,95.0
4188,76.0
4189,71.0
4190,95.0
4191,95.0
4192,71.0
4193,83.0
4194,95.0
4195,95.0
4196,95.0
4197,54.0
4198,-5.0
4199,95.0
4200,95.0
4201,95.0
4202,71.0
4203,95.0
4204,40.0
4205,95.0
4206,95.0
4207,95.0
4208,23.0
4209,71.0
4210,-62.0
4211,95.0
4212,76.0
4213,95.0
4214,95.0
4215,71.0
4216,42.0
4217,71.0
4218,95.0
4219,95.0
4220,95.0
4221,95.0
4222,95.0
4223,76.0
4224,-16.0
4225,95.0
4226,71.0
4227,59.0
4228,95.0
4229,71.0
4230,54.0
4231,76.0
4232,71.0
4233,95.0
4234,66.0
4235,95.0
4236,37.0
4237,95.0
4238,59.0
4239,83.0
4240,95.0
4241,8.0
4242,71.0
4243,95.0
4244,71.0
4245,95.0
4246,95.0
4247,71.0
4248,83.0
4249,64.0
4250,-32.0
4251,95.0
4252,83.0
4253,95.0
4254,95.0
4255,71.0
4256,95.0
4257,83.0
4258,95.0
4259,95.0
4260,95.0
4261,-330.0
4262,71.0
4263,76.0
4264,95.0
4265,95.0
4266,28.0
4267,95.0
4268,76.0
4269,-16.0
4270,95.0
4271,76.0
4272,14.0
4273,33.0
4274,66.0
4275,95.0
4276,66.0
4277,95.0
4278,52.0
4279,95.0
4280,-4.0
4281,71.0
4282,76.0
4283,95.0
4284,83.0
4285,95.0
4286,95.0
4287,76.0
4288,95.0
4289,76.0
4290,20.0
4291,71.0
4292,95.0
4293,71.0
4294,-28.0
4295,95.0
4296,95.0
4297,49.0
4298,59.0
4299,95.0
4300,95.0
4301,83.0
4302,95.0
4303,95.0
4304,-325.0
4305,64.0
4306,95.0
4307,95.0
4308,95.0
4309,95.0
4310,95.0
4311,83.0
4312,76.0
4313,95.0
4314,95.0
4315,95.0
4316,95.0
4317,71.0
4318,95.0
4319,95.0
4320,47.0
4321,83.0
4322,64.0
4323,95.0
4324,95.0
4325,76.0
4326,71.0
4327,71.0
4328,95.0
4329,83.0
4330,6.0
4331,95.0
4332,95.0
4333,76.0
4334,71.0
4335,95.0
4336,95.0
4337,95.0
4338,47.0
4339,95.0
4340,95.0
4341,59.0
4342,95.0
4343,95.0
4344,23.0
4345,66.0
4346,95.0
4347,47.0
4348,-4.0
4349,83.0
4350,71.0
4351,95.0
4352,83.0
4353,6.0
4354,95.0
4355,95.0
4356,64.0
4357,95.0
4358,76.0
4359,95.0
4360,95.0
4361,59.0
4362,95.0
4363,95.0
4364,83.0
4365,95.0
4366,95.0
4367,95.0
4368,95.0
4369,83.0
4370,95.0
4371,52.0
4372,95.0
4373,95.0
4374,95.0
4375,95.0
4376,95.0
4377,95.0
4378,95.0
4379,54.0
4380,-325.0
4381,95.0
4382,83.0
4383,95.0
4384,37.0
4385,83.0
4386,95.0
4387,76.0
4388,95.0
4389,95.0
4390,37.0
4391,95.0
4392,-310.0
4393,95.0
4394,95.0
4395,-315.0
4396,42.0
4397,71.0
4398,-33.0
4399,95.0
4400,95.0
4401,95.0
4402,95.0
4403,95.0
4404,64.0
4405,45.0
4406,95.0
4407,42.0
4408,71.0
4409,95.0
4410,95.0
4411,95.0
4412,76.0
4413,95.0
4414,95.0
4415,95.0
4416,95.0
4417,83.0
4418,95.0
4419,-310.0
4420,71.0
4421,76.0
4422,95.0
4423,95.0
4424,83.0
4425,76.0
4426,71.0
4427,76.0
4428,52.0
4429,42.0
4430,95.0
4431,59.0
4432,71.0
4433,64.0
4434,6.0
4435,95.0
4436,95.0
4437,71.0
4438,95.0
4439,59.0
4440,71.0
4441,66.0
4442,83.0
4443,95.0
4444,95.0
4445,95.0
4446,49.0
4447,95.0
4448,59.0
4449,95.0
4450,71.0
4451,52.0
4452,-21.0
4453,95.0
4454,95.0
4455,95.0
4456,76.0
4457,95.0
4458,95.0
4459,71.0
4460,71.0
4461,95.0
4462,95.0
4463,64.0
4464,71.0
4465,83.0
4466,54.0
4467,76.0
4468,54.0
4469,95.0
4470,95.0
4471,83.0
4472,95.0
4473,83.0
4474,83.0
4475,95.0
4476,83.0
4477,95.0
4478,95.0
4479,83.0
4480,71.0
4481,37.0
4482,95.0
4483,76.0
4484,95.0
4485,95.0
4486,95.0
4487,30.0
4488,95.0
4489,83.0
4490,25.0
4491,76.0
4492,95.0
4493,95.0
4494,76.0
4495,95.0
4496,95.0
4497,95.0
4498,95.0
4499,83.0
4500,95.0
4501,-315.0
4502,95.0
4503,95.0
4504,95.0
4505,95.0
4506,95.0
4507,83.0
4508,95.0
4509,59.0
4510,95.0
4511,71.0
4512,66.0
4513,95.0
4514,59.0
4515,25.0
4516,52.0
4517,8.0
4518,95.0
4519,76.0
4520,3.0
4521,95.0
4522,95.0
4523,83.0
4524,83.0
4525,71.0
4526,95.0
4527,95.0
4528,95.0
4529,95.0
4530,95.0
4531,76.0
4532,-325.0
4533,-300.0
4534,76.0
4535,95.0
4536,71.0
4537,95.0
4538,6.0
4539,83.0
4540,95.0
4541,95.0
4542,95.0
4543,95.0
4544,95.0
4545,64.0
4546,95.0
4547,95.0
4548,37.0
4549,95.0
4550,95.0
4551,95.0
4552,95.0
4553,95.0
4554,52.0
4555,71.0
4556,95.0
4557,95.0
4558,6.0
4559,71.0
4560,25.0
4561,95.0
4562,52.0
4563,95.0
4564,66.0
4565,66.0
4566,-305.0
4567,95.0
4568,95.0
4569,95.0
4570,95.0
4571,95.0
4572,95.0
4573,95.0
4574,95.0
4575,37.0
4576,95.0
4577,95.0
4578,71.0
4579,95.0
4580,76.0
4581,32.0
4582,95.0
4583,64.0
4584,95.0
4585,59.0
4586,95.0
4587,95.0
4588,83.0
4589,95.0
4590,95.0
4591,95.0
4592,95.0
4593,95.0
4594,95.0
4595,95.0
4596,95.0
4597,95.0
4598,-320.0
4599,95.0
4600,76.0
4601,95.0
4602,95.0
4603,95.0
4604,95.0
4605,95.0
4606,95.0
4607,95.0
4608,71.0
4609,95.0
4610,95.0
4611,76.0
4612,95.0
4613,76.0
4614,64.0
4615,76.0
4616,95.0
4617,95.0
4618,95.0
4619,95.0
4620,71.0
4621,95.0
4622,95.0
4623,76.0
4624,95.0
4625,95.0
4626,95.0
4627,95.0
4628,95.0
4629,14.0
4630,71.0
4631,95.0
4632,95.0
4633,95.0
4634,95.0
4635,95.0
4636,95.0
4637,76.0
4638,83.0
4639,71.0
4640,95.0
4641,95.0
4642,95.0
4643,95.0
4644,52.0
4645,59.0
4646,95.0
4647,-325.0
4648,95.0
4649,83.0
4650,95.0
4651,64.0
4652,83.0
4653,64.0
4654,76.0
4655,49.0
4656,95.0
4657,95.0
4658,95.0
4659,64.0
4660,95.0
4661,83.0
4662,95.0
4663,95.0
4664,76.0
4665,95.0
4666,95.0
4667,76.0
4668,95.0
4669,52.0
4670,35.0
4671,95.0
4672,-310.0
4673,71.0
4674,95.0
4675,95.0
4676,95.0
4677,-18.0
4678,95.0
4679,95.0
4680,95.0
4681,25.0
4682,95.0
4683,95.0
4684,52.0
4685,-310.0
4686,95.0
4687,52.0
4688,71.0
4689,95.0
4690,76.0
4691,71.0
4692,83.0
4693,71.0
4694,76.0
4695,95.0
4696,95.0
4697,95.0
4698,-305.0
4699,71.0
4700,95.0
4701,-330.0
4702,-330.0
4703,95.0
4704,83.0
4705,95.0
4706,83.0
4707,95.0
4708,71.0
4709,64.0
4710,37.0
4711,95.0
4712,95.0
4713,95.0
4714,54.0
4715,76.0
4716,18.0
4717,95.0
4718,95.0
4719,52.0
4720,57.0
4721,95.0
4722,37.0
4723,76.0
4724,95.0
4725,95.0
4726,95.0
4727,95.0
4728,95.0
4729,95.0
4730,95.0
4731,95.0
4732,95.0
4733,64.0
4734,-13.0
4735,95.0
4736,49.0
4737,95.0
4738,95.0
4739,95.0
4740,42.0
4741,71.0
4742,71.0
4743,71.0
4744,95.0
4745,95.0
4746,95.0
4747,95.0
4748,83.0
4749,95.0
4750,76.0
4751,95.0
4752,-320.0
4753,95.0
4754,95.0
4755,83.0
4756,83.0
4757,11.0
4758,95.0
4759,71.0
4760,64.0
4761,95.0
4762,95.0
4763,95.0
4764,83.0
4765,71.0
4766,95.0
4767,76.0
4768,95.0
4769,71.0
4770,95.0
4771,95.0
4772,71.0
4773,95.0
4774,76.0
4775,95.0
4776,83.0
4777,95.0
4778,52.0
4779,95.0
4780,76.0
4781,95.0
4782,76.0
4783,76.0
4784,95.0
4785,95.0
4786,95.0
4787,95.0
4788,71.0
4789,71.0
4790,0.0
4791,95.0
4792,-21.0
4793,95.0
4794,95.0
4795,95.0
4796,95.0
4797,95.0
4798,95.0
4799,71.0
4800,83.0
4801,59.0
4802,95.0
4803,95.0
4804,76.0
4805,95.0
4806,95.0
4807,95.0
4808,95.0
4809,95.0
4810,95.0
4811,64.0
4812,76.0
4813,76.0
4814,95.0
4815,95.0
4816,-305.0
4817,64.0
4818,-40.0
4819,95.0
4820,95.0
4821,71.0
4822,95.0
4823,-305.0
4824,71.0
4825,52.0
4826,25.0
4827,83.0
4828,95.0
4829,83.0
4830,95.0
4831,57.0
4832,95.0
4833,49.0
4834,25.0
4835,95.0
4836,95.0
4837,95.0
4838,95.0
4839,71.0
4840,95.0
4841,95.0
4842,83.0
4843,95.0
4844,0.0
4845,64.0
4846,95.0
4847,95.0
4848,83.0
4849,-32.0
4850,95.0
4851,95.0
4852,71.0
4853,83.0
4854,95.0
4855,76.0
4856,95.0
4857,95.0
4858,95.0
4859,95.0
4860,95.0
4861,95.0
4862,95.0
4863,52.0
4864,71.0
4865,83.0
4866,95.0
4867,38.0
4868,95.0
4869,38.0
4870,95.0
4871,76.0
4872,47.0
4873,95.0
4874,95.0
4875,47.0
4876,95.0
4877,71.0
4878,95.0
4879,95.0
4880,95.0
4881,95.0
4882,95.0
4883,83.0
4884,95.0
4885,95.0
4886,83.0
4887,95.0
4888,59.0
4889,71.0
4890,71.0
4891,83.0
4892,-13.0
4893,64.0
4894,95.0
4895,76.0
4896,59.0
4897,38.0
4898,83.0
4899,83.0
4900,95.0
4901,-50.0
4902,95.0
4903,95.0
4904,37.0
4905,95.0
4906,-13.0
4907,95.0
4908,71.0
4909,95.0
4910,76.0
4911,95.0
4912,95.0
4913,95.0
4914,95.0
4915,95.0
4916,95.0
4917,71.0
4918,71.0
4919,95.0
4920,83.0
4921,95.0
4922,95.0
4923,71.0
4924,71.0
4925,95.0
4926,13.0
4927,54.0
4928,76.0
4929,71.0
4930,95.0
4931,76.0
4932,95.0
4933,76.0
4934,57.0
4935,95.0
4936,76.0
4937,40.0
4938,71.0
4939,71.0
4940,95.0
4941,95.0
4942,95.0
4943,95.0
4944,95.0
4945,76.0
4946,66.0
4947,76.0
4948,57.0
4949,95.0
4950,71.0
4951,95.0
4952,95.0
4953,95.0
4954,95.0
4955,71.0
4956,47.0
4957,37.0
4958,95.0
4959,95.0
4960,52.0
4961,95.0
4962,71.0
4963,71.0
4964,95.0
4965,95.0
4966,49.0
4967,95.0
4968,66.0
4969,95.0
4970,83.0
4971,76.0
4972,13.0
4973,95.0
4974,76.0
4975,95.0
4976,95.0
4977,95.0
4978,71.0
4979,42.0
4980,95.0
4981,95.0
4982,47.0
4983,76.0
4984,64.0
4985,83.0
4986,76.0
4987,14.0
4988,-51.0
4989,95.0
4990,95.0
4991,95.0
4992,71.0
4993,95.0
4994,95.0
4995,95.0
4996,6.0
4997,71.0
4998,95.0
4999,95.0
5000,95.0
5001,83.0
5002,95.0
5003,71.0
5004,95.0
5005,95.0
5006,83.0
5007,83.0
5008,95.0
5009,95.0
5010,64.0
5011,95.0
5012,71.0
5013,95.0
5014,95.0
5015,95.0
5016,95.0
5017,95.0
5018,83.0
5019,95.0
5020,76.0
5021,95.0
5022,83.0
5023,95.0
5024,95.0
5025,49.0
5026,42.0
5027,95.0
5028,95.0
5029,71.0
5030,66.0
5031,95.0
5032,95.0
5033,95.0
5034,95.0
5035,95.0
5036,95.0
5037,95.0
5038,95.0
5039,83.0
5040,95.0
5041,95.0
5042,95.0
5043,95.0
5044,76.0
5045,95.0
5046,52.0
5047,95.0
5048,71.0
5049,95.0
5050,83.0
5051,95.0
5052,95.0
5053,76.0
5054,71.0
5055,95.0
5056,-67.0
5057,95.0
5058,83.0
5059,83.0
5060,71.0
5061,95.0
5062,40.0
5063,49.0
5064,71.0
5065,95.0
5066,83.0
5067,95.0
5068,95.0
5069,95.0
5070,20.0
5071,95.0
5072,76.0
5073,6.0
5074,95.0
5075,95.0
5076,95.0
5077,95.0
5078,95.0
5079,59.0
5080,95.0
5081,42.0
5082,95.0
5083,95.0
5084,6.0
5085,95.0
5086,95.0
5087,95.0
5088,30.0
5089,95.0
5090,95.0
5091,76.0
5092,57.0
5093,95.0
5094,95.0
5095,95.0
5096,95.0
5097,95.0
5098,95.0
5099,54.0
5100,-50.0
5101,95.0
5102,95.0
5103,71.0
5104,71.0
5105,76.0
5106,42.0
5107,95.0
5108,95.0
5109,83.0
5110,95.0
5111,49.0
5112,95.0
5113,95.0
5114,95.0
5115,83.0
5116,14.0
5117,64.0
5118,-310.0
5119,95.0
5120,95.0
5121,95.0
5122,-30.0
5123,38.0
5124,95.0
5125,95.0
5126,95.0
5127,-71.0
5128,66.0
5129,95.0
5130,83.0
5131,59.0
5132,95.0
5133,37.0
5134,-57.0
5135,95.0
5136,64.0
5137,49.0
5138,95.0
5139,95.0
5140,64.0
5141,71.0
5142,49.0
5143,35.0
5144,32.0
5145,71.0
5146,71.0
5147,95.0
5148,95.0
5149,95.0
5150,95.0
5151,52.0
5152,54.0
5153,52.0
5154,95.0
5155,71.0
5156,95.0
5157,95.0
5158,95.0
5159,-13.0
5160,76.0
5161,95.0
5162,95.0
5163,83.0
5164,64.0
5165,-40.0
5166,64.0
5167,76.0
5168,95.0
5169,95.0
5170,95.0
5171,71.0
5172,71.0
5173,95.0
5174,83.0
5175,71.0
5176,95.0
5177,76.0
5178,-40.0
5179,76.0
5180,83.0
5181,71.0
5182,95.0
5183,95.0
5184,49.0
5185,64.0
5186,71.0
5187,95.0
5188,95.0
5189,71.0
5190,95.0
5191,64.0
5192,71.0
5193,95.0
5194,-320.0
5195,95.0
5196,71.0
5197,49.0
5198,83.0
5199,-325.0
5200,71.0
5201,76.0
5202,95.0
5203,-21.0
5204,52.0
5205,-330.0
5206,95.0
5207,64.0
5208,64.0
5209,95.0
5210,71.0
5211,95.0
5212,95.0
5213,35.0
5214,76.0
5215,95.0
5216,95.0
5217,95.0
5218,95.0
5219,95.0
5220,95.0
5221,95.0
5222,95.0
5223,95.0
5224,95.0
5225,95.0
5226,37.0
5227,95.0
5228,95.0
5229,95.0
5230,95.0
5231,71.0
5232,38.0
5233,95.0
5234,71.0
5235,95.0
5236,83.0
5237,83.0
5238,35.0
5239,52.0
5240,95.0
5241,76.0
5242,64.0
5243,71.0
5244,95.0
5245,-310.0
5246,64.0
5247,95.0
5248,-54.0
5249,95.0
5250,49.0
5251,76.0
5252,95.0
5253,95.0
5254,54.0
5255,95.0
5256,95.0
5257,95.0
5258,71.0
5259,83.0
5260,76.0
5261,95.0
5262,95.0
5263,95.0
5264,95.0
5265,37.0
5266,95.0
5267,83.0
5268,95.0
5269,95.0
5270,71.0
5271,95.0
5272,71.0
5273,95.0
5274,64.0
5275,42.0
5276,71.0
5277,95.0
5278,76.0
5279,95.0
5280,95.0
5281,26.0
5282,95.0
5283,95.0
5284,95.0
5285,95.0
5286,71.0
5287,64.0
5288,95.0
5289,64.0
5290,95.0
5291,71.0
5292,95.0
5293,95.0
5294,64.0
5295,83.0
5296,95.0
5297,83.0
5298,95.0
5299,95.0
5300,64.0
5301,71.0
5302,76.0
5303,71.0
5304,76.0
5305,52.0
5306,95.0
5307,95.0
5308,95.0
5309,76.0
5310,95.0
5311,37.0
5312,95.0
5313,95.0
5314,76.0
5315,76.0
5316,64.0
5317,95.0
5318,71.0
5319,83.0
5320,25.0
5321,95.0
5322,95.0
5323,95.0
5324,95.0
5325,95.0
5326,95.0
5327,95.0
5328,95.0
5329,83.0
5330,95.0
5331,11.0
5332,95.0
5333,83.0
5334,95.0
5335,95.0
5336,95.0
5337,54.0
5338,95.0
5339,95.0
5340,95.0
5341,-100.0
5342,95.0
5343,95.0
5344,40.0
5345,95.0
5346,95.0
5347,71.0
5348,95.0
5349,-38.0
5350,95.0
5351,64.0
5352,71.0
5353,71.0
5354,71.0
5355,95.0
5356,71.0
5357,95.0
5358,64.0
5359,37.0
5360,95.0
5361,95.0
5362,95.0
5363,71.0
5364,95.0
5365,76.0
5366,52.0
5367,95.0
5368,95.0
5369,54.0
5370,-147.0
5371,95.0
5372,64.0
5373,95.0
5374,95.0
5375,95.0
5376,83.0
5377,71.0
5378,95.0
5379,95.0
5380,95.0
5381,-13.0
5382,83.0
5383,64.0
5384,6.0
5385,83.0
5386,95.0
5387,95.0
5388,95.0
5389,83.0
5390,95.0
5391,59.0
5392,95.0
5393,95.0
5394,95.0
5395,95.0
5396,76.0
5397,95.0
5398,95.0
5399,71.0
5400,42.0
5401,95.0
5402,37.0
5403,54.0
5404,-64.0
5405,95.0
5406,95.0
5407,95.0
5408,52.0
5409,83.0
5410,-335.0
5411,95.0
5412,95.0
5413,95.0
5414,71.0
5415,95.0
5416,95.0
5417,95.0
5418,-6.0
5419,95.0
5420,95.0
5421,95.0
5422,95.0
5423,95.0
5424,49.0
5425,83.0
5426,49.0
5427,76.0
5428,64.0
5429,95.0
5430,95.0
5431,95.0
5432,95.0
5433,95.0
5434,83.0
5435,95.0
5436,95.0
5437,95.0
5438,95.0
5439,64.0
5440,95.0
5441,71.0
5442,83.0
5443,95.0
5444,52.0
5445,95.0
5446,52.0
5447,71.0
5448,95.0
5449,71.0
5450,95.0
5451,71.0
5452,83.0
5453,95.0
5454,95.0
5455,6.0
5456,83.0
5457,64.0
5458,95.0
5459,95.0
5460,95.0
5461,71.0
5462,95.0
5463,83.0
5464,95.0
5465,95.0
5466,95.0
5467,95.0
5468,37.0
5469,95.0
5470,95.0
5471,95.0
5472,64.0
5473,95.0
5474,71.0
5475,57.0
5476,71.0
5477,54.0
5478,95.0
5479,76.0
5480,95.0
5481,95.0
5482,-143.0
5483,71.0
5484,49.0
5485,38.0
5486,71.0
5487,83.0
5488,95.0
5489,95.0
5490,95.0
5491,54.0
5492,49.0
5493,71.0
5494,95.0
5495,95.0
5496,95.0
5497,59.0
5498,95.0
5499,95.0
5500,64.0
5501,14.0
5502,30.0
5503,71.0
5504,95.0
5505,6.0
5506,64.0
5507,95.0
5508,95.0
5509,95.0
5510,95.0
5511,37.0
5512,95.0
5513,95.0
5514,20.0
5515,95.0
5516,83.0
5517,95.0
5518,95.0
5519,95.0
5520,95.0
5521,71.0
5522,95.0
5523,95.0
5524,71.0
5525,83.0
5526,95.0
5527,95.0
5528,95.0
5529,95.0
5530,71.0
5531,52.0
5532,95.0
5533,-40.0
5534,95.0
5535,95.0
5536,95.0
5537,-28.0
5538,64.0
5539,95.0
5540,95.0
5541,83.0
5542,71.0
5543,95.0
5544,76.0
5545,95.0
5546,95.0
5547,95.0
5548,95.0
5549,95.0
5550,95.0
5551,71.0
5552,95.0
5553,95.0
5554,-310.0
5555,49.0
5556,95.0
5557,95.0
5558,95.0
5559,64.0
5560,95.0
5561,95.0
5562,95.0
5563,95.0
5564,52.0
5565,95.0
5566,71.0
5567,95.0
5568,71.0
5569,71.0
5570,95.0
5571,95.0
5572,64.0
5573,23.0
5574,52.0
5575,95.0
5576,95.0
5577,6.0
5578,95.0
5579,-102.0
5580,95.0
5581,95.0
5582,64.0
5583,95.0
5584,83.0
5585,71.0
5586,95.0
5587,59.0
5588,76.0
5589,95.0
5590,95.0
5591,71.0
5592,76.0
5593,54.0
5594,95.0
5595,59.0
5596,95.0
5597,95.0
5598,95.0
5599,83.0
5600,95.0
5601,95.0
5602,52.0
5603,95.0
5604,95.0
5605,95.0
5606,95.0
5607,95.0
5608,64.0
5609,95.0
5610,95.0
5611,95.0
5612,95.0
5613,95.0
5614,52.0
5615,95.0
5616,83.0
5617,57.0
5618,18.0
5619,76.0
5620,95.0
5621,32.0
5622,52.0
5623,95.0
5624,95.0
5625,95.0
5626,95.0
5627,71.0
5628,95.0
5629,95.0
5630,95.0
5631,95.0
5632,95.0
5633,71.0
5634,76.0
5635,95.0
5636,52.0
5637,95.0
5638,71.0
5639,71.0
5640,6.0
5641,95.0
5642,95.0
5643,95.0
5644,76.0
5645,95.0
5646,83.0
5647,95.0
5648,95.0
5649,71.0
5650,64.0
5651,95.0
5652,54.0
5653,52.0
5654,64.0
5655,95.0
5656,95.0
5657,95.0
5658,95.0
5659,95.0
5660,95.0
5661,52.0
5662,95.0
5663,95.0
5664,71.0
5665,71.0
5666,95.0
5667,95.0
5668,95.0
5669,7.0
5670,64.0
5671,95.0
5672,95.0
5673,95.0
5674,95.0
5675,71.0
5676,95.0
5677,95.0
5678,76.0
5679,95.0
5680,95.0
5681,8.0
5682,38.0
5683,83.0
5684,76.0
5685,95.0
5686,71.0
5687,95.0
5688,95.0
5689,71.0
5690,95.0
5691,95.0
5692,95.0
5693,23.0
5694,95.0
5695,95.0
5696,95.0
5697,95.0
5698,71.0
5699,95.0
5700,38.0
5701,95.0
5702,71.0
5703,71.0
5704,95.0
5705,71.0
5706,76.0
5707,95.0
5708,95.0
5709,95.0
5710,95.0
5711,37.0
5712,95.0
5713,95.0
5714,95.0
5715,95.0
5716,66.0
5717,95.0
5718,57.0
5719,95.0
5720,45.0
5721,64.0
5722,95.0
5723,95.0
5724,76.0
5725,76.0
5726,95.0
5727,95.0
5728,52.0
5729,95.0
5730,64.0
5731,52.0
5732,95.0
5733,95.0
5734,95.0
5735,54.0
5736,95.0
5737,37.0
5738,71.0
5739,95.0
5740,83.0
5741,95.0
5742,95.0
5743,95.0
5744,95.0
5745,95.0
5746,95.0
5747,52.0
5748,71.0
5749,95.0
5750,71.0
5751,37.0
5752,37.0
5753,95.0
5754,95.0
5755,95.0
5756,95.0
5757,95.0
5758,-153.0
5759,95.0
5760,95.0
5761,59.0
5762,95.0
5763,83.0
5764,76.0
5765,95.0
5766,95.0
5767,37.0
5768,52.0
5769,76.0
5770,95.0
5771,76.0
5772,54.0
5773,76.0
5774,95.0
5775,64.0
5776,95.0
5777,95.0
5778,95.0
5779,95.0
5780,-325.0
5781,52.0
5782,95.0
5783,6.0
5784,28.0
5785,-33.0
5786,95.0
5787,52.0
5788,95.0
5789,95.0
5790,49.0
5791,64.0
5792,64.0
5793,64.0
5794,83.0
5795,95.0
5796,95.0
5797,76.0
5798,95.0
5799,95.0
5800,95.0
5801,95.0
5802,25.0
5803,95.0
5804,6.0
5805,95.0
5806,54.0
5807,95.0
5808,95.0
5809,95.0
5810,95.0
5811,71.0
5812,95.0
5813,37.0
5814,95.0
5815,95.0
5816,95.0
5817,76.0
5818,83.0
5819,-335.0
5820,95.0
5821,76.0
5822,95.0
5823,95.0
5824,95.0
5825,95.0
5826,95.0
5827,95.0
5828,95.0
5829,95.0
5830,95.0
5831,95.0
5832,95.0
5833,95.0
5834,95.0
5835,52.0
5836,54.0
5837,95.0
5838,95.0
5839,95.0
5840,95.0
5841,95.0
5842,95.0
5843,95.0
5844,95.0
5845,64.0
5846,64.0
5847,52.0
5848,95.0
5849,95.0
5850,83.0
5851,95.0
5852,95.0
5853,95.0
5854,95.0
5855,71.0
5856,95.0
5857,95.0
5858,95.0
5859,71.0
5860,95.0
5861,76.0
5862,95.0
5863,57.0
5864,95.0
5865,6.0
5866,66.0
5867,76.0
5868,83.0
5869,95.0
5870,38.0
5871,95.0
5872,95.0
5873,95.0
5874,95.0
5875,71.0
5876,95.0
5877,76.0
5878,95.0
5879,95.0
5880,95.0
5881,95.0
5882,0.0
5883,71.0
5884,64.0
5885,71.0
5886,57.0
5887,95.0
5888,95.0
5889,71.0
5890,64.0
5891,71.0
5892,95.0
5893,95.0
5894,95.0
5895,83.0
5896,95.0
5897,37.0
5898,95.0
5899,95.0
5900,20.0
5901,95.0
5902,95.0
5903,95.0
5904,95.0
5905,64.0
5906,83.0
5907,64.0
5908,64.0
5909,52.0
5910,95.0
5911,76.0
5912,95.0
5913,95.0
5914,95.0
5915,76.0
5916,95.0
5917,95.0
5918,57.0
5919,71.0
5920,95.0
5921,95.0
5922,71.0
5923,71.0
5924,-9.0
5925,95.0
5926,71.0
5927,71.0
5928,95.0
5929,95.0
5930,95.0
5931,54.0
5932,95.0
5933,71.0
5934,95.0
5935,71.0
5936,71.0
5937,95.0
5938,71.0
5939,95.0
5940,83.0
5941,95.0
5942,52.0
5943,71.0
5944,95.0
5945,37.0
5946,95.0
5947,95.0
5948,83.0
5949,95.0
5950,71.0
5951,95.0
5952,95.0
5953,64.0
5954,95.0
5955,95.0
5956,37.0
5957,95.0
5958,95.0
5959,95.0
5960,95.0
5961,95.0
5962,95.0
5963,95.0
5964,76.0
5965,95.0
5966,83.0
5967,71.0
5968,95.0
5969,95.0
5970,64.0
5971,95.0
5972,8.0
5973,95.0
5974,83.0
5975,95.0
5976,95.0
5977,95.0
5978,95.0
5979,71.0
5980,95.0
5981,95.0
5982,71.0
5983,64.0
5984,76.0
5985,76.0
5986,95.0
5987,71.0
5988,95.0
5989,95.0
5990,76.0
5991,95.0
5992,71.0
5993,95.0
5994,95.0
5995,71.0
5996,95.0
5997,40.0
5998,37.0
5999,95.0
6000,64.0
6001,71.0
6002,95.0
6003,95.0
6004,38.0
6005,-55.0
6006,95.0
6007,71.0
6008,95.0
6009,52.0
6010,95.0
6011,71.0
6012,76.0
6013,71.0
6014,95.0
6015,95.0
6016,64.0
6017,95.0
6018,64.0
6019,25.0
6020,95.0
6021,95.0
6022,71.0
6023,95.0
6024,95.0
6025,71.0
6026,95.0
6027,95.0
6028,1.0
6029,95.0
6030,95.0
6031,71.0
6032,66.0
6033,71.0
6034,76.0
6035,95.0
6036,71.0
6037,95.0
6038,49.0
6039,95.0
6040,95.0
6041,95.0
6042,95.0
6043,76.0
6044,64.0
6045,71.0
6046,95.0
6047,76.0
6048,95.0
6049,6.0
6050,95.0
6051,37.0
6052,95.0
6053,95.0
6054,21.0
6055,95.0
6056,95.0
6057,95.0
6058,76.0
6059,95.0
6060,95.0
6061,71.0
6062,76.0
6063,71.0
6064,52.0
6065,95.0
6066,95.0
6067,95.0
6068,95.0
6069,59.0
6070,64.0
6071,95.0
6072,66.0
6073,57.0
6074,38.0
6075,54.0
6076,95.0
6077,52.0
6078,95.0
6079,95.0
6080,95.0
6081,-16.0
6082,64.0
6083,95.0
6084,42.0
6085,83.0
6086,95.0
6087,95.0
6088,57.0
6089,64.0
6090,95.0
6091,76.0
6092,95.0
6093,95.0
6094,52.0
6095,95.0
6096,95.0
6097,76.0
6098,83.0
6099,-18.0
6100,83.0
6101,95.0
6102,95.0
6103,59.0
6104,76.0
6105,-1.0
6106,95.0
6107,95.0
6108,64.0
6109,95.0
6110,-69.0
6111,95.0
6112,95.0
6113,95.0
6114,11.0
6115,95.0
6116,71.0
6117,71.0
6118,57.0
6119,37.0
6120,95.0
6121,66.0
6122,32.0
6123,95.0
6124,95.0
6125,95.0
6126,76.0
6127,95.0
6128,95.0
6129,95.0
6130,95.0
6131,95.0
6132,71.0
6133,64.0
6134,71.0
6135,76.0
6136,95.0
6137,95.0
6138,95.0
6139,95.0
6140,95.0
6141,95.0
6142,95.0
6143,83.0
6144,71.0
6145,95.0
6146,95.0
6147,95.0
6148,95.0
6149,95.0
6150,76.0
6151,95.0
6152,95.0
6153,95.0
6154,-30.0
6155,71.0
6156,95.0
6157,52.0
6158,26.0
6159,95.0
6160,66.0
6161,95.0
6162,95.0
6163,57.0
6164,37.0
6165,83.0
6166,42.0
6167,71.0
6168,76.0
6169,95.0
6170,95.0
6171,37.0
6172,95.0
6173,95.0
6174,64.0
6175,95.0
6176,76.0
6177,95.0
6178,95.0
6179,95.0
6180,71.0
6181,95.0
6182,71.0
6183,95.0
6184,95.0
6185,71.0
6186,95.0
6187,52.0
6188,71.0
6189,71.0
6190,95.0
6191,-113.0
6192,64.0
6193,95.0
6194,83.0
6195,95.0
6196,95.0
6197,95.0
6198,95.0
6199,76.0
6200,95.0
6201,64.0
6202,76.0
6203,95.0
6204,40.0
6205,71.0
6206,64.0
6207,95.0
6208,95.0
6209,95.0
6210,95.0
6211,95.0
6212,57.0
6213,35.0
6214,76.0
6215,52.0
6216,95.0
6217,18.0
6218,76.0
6219,95.0
6220,35.0
6221,95.0
6222,95.0
6223,76.0
6224,71.0
6225,95.0
6226,40.0
6227,95.0
6228,52.0
6229,95.0
6230,95.0
6231,95.0
6232,52.0
6233,95.0
6234,95.0
6235,64.0
6236,95.0
6237,66.0
6238,95.0
6239,37.0
6240,95.0
6241,66.0
6242,64.0
6243,83.0
6244,95.0
6245,95.0
6246,71.0
6247,95.0
6248,95.0
6249,52.0
6250,95.0
6251,32.0
6252,95.0
6253,95.0
6254,83.0
6255,95.0
6256,95.0
6257,76.0
6258,83.0
6259,71.0
6260,95.0
6261,-42.0
6262,95.0
6263,35.0
6264,37.0
6265,71.0
6266,95.0
6267,83.0
6268,95.0
6269,95.0
6270,76.0
6271,71.0
6272,95.0
6273,71.0
6274,64.0
6275,95.0
6276,64.0
6277,54.0
6278,76.0
6279,23.0
6280,95.0
6281,76.0
6282,95.0
6283,95.0
6284,71.0
6285,95.0
6286,71.0
6287,57.0
6288,76.0
6289,95.0
6290,95.0
6291,95.0
6292,95.0
6293,95.0
6294,-33.0
6295,64.0
6296,95.0
6297,71.0
6298,95.0
6299,95.0
6300,37.0
6301,71.0
6302,95.0
6303,95.0
6304,64.0
6305,37.0
6306,95.0
6307,52.0
6308,83.0
6309,37.0
6310,95.0
6311,95.0
6312,95.0
6313,95.0
6314,71.0
6315,1.0
6316,76.0
6317,49.0
6318,83.0
6319,95.0
6320,95.0
6321,95.0
6322,95.0
6323,95.0
6324,95.0
6325,83.0
6326,52.0
6327,52.0
6328,95.0
6329,95.0
6330,95.0
6331,64.0
6332,40.0
6333,52.0
6334,95.0
6335,76.0
6336,95.0
6337,95.0
6338,71.0
6339,76.0
6340,52.0
6341,76.0
6342,95.0
6343,52.0
6344,95.0
6345,71.0
6346,95.0
6347,52.0
6348,-13.0
6349,76.0
6350,71.0
6351,71.0
6352,76.0
6353,95.0
6354,95.0
6355,71.0
6356,35.0
6357,83.0
6358,71.0
6359,64.0
6360,95.0
6361,95.0
6362,95.0
6363,95.0
6364,14.0
6365,83.0
6366,95.0
6367,95.0
6368,95.0
6369,76.0
6370,76.0
6371,95.0
6372,95.0
6373,95.0
6374,83.0
6375,95.0
6376,95.0
6377,95.0
6378,95.0
6379,95.0
6380,71.0
6381,66.0
6382,95.0
6383,54.0
6384,95.0
6385,95.0
6386,66.0
6387,71.0
6388,95.0
6389,95.0
6390,28.0
6391,76.0
6392,95.0
6393,64.0
6394,95.0
6395,76.0
6396,95.0
6397,95.0
6398,95.0
6399,38.0
6400,95.0
6401,95.0
6402,76.0
6403,28.0
6404,40.0
6405,95.0
6406,95.0
6407,95.0
6408,95.0
6409,95.0
6410,95.0
6411,57.0
6412,95.0
6413,20.0
6414,95.0
6415,95.0
6416,95.0
6417,37.0
6418,95.0
6419,83.0
6420,95.0
6421,76.0
6422,95.0
6423,19.0
6424,95.0
6425,95.0
6426,95.0
6427,95.0
6428,95.0
6429,52.0
6430,95.0
6431,95.0
6432,95.0
6433,83.0
6434,45.0
6435,95.0
6436,-40.0
6437,71.0
6438,95.0
6439,76.0
6440,95.0
6441,95.0
6442,95.0
6443,83.0
6444,13.0
6445,95.0
6446,95.0
6447,95.0
6448,40.0
6449,52.0
6450,95.0
6451,37.0
6452,32.0
6453,95.0
6454,52.0
6455,95.0
6456,83.0
6457,71.0
6458,25.0
6459,83.0
6460,95.0
6461,95.0
6462,83.0
6463,95.0
6464,95.0
6465,71.0
6466,95.0
6467,95.0
6468,95.0
6469,95.0
6470,95.0
6471,95.0
6472,95.0
6473,64.0
6474,95.0
6475,76.0
6476,76.0
6477,95.0
6478,83.0
6479,95.0
6480,71.0
6481,95.0
6482,42.0
6483,52.0
6484,95.0
6485,71.0
6486,95.0
6487,95.0
6488,71.0
6489,95.0
6490,95.0
6491,64.0
6492,66.0
6493,95.0
6494,95.0
6495,95.0
6496,37.0
6497,95.0
6498,95.0
6499,14.0
6500,95.0
6501,83.0
6502,95.0
6503,37.0
6504,83.0
6505,95.0
6506,83.0
6507,95.0
6508,95.0
6509,52.0
6510,95.0
6511,95.0
6512,71.0
6513,95.0
6514,83.0
6515,95.0
6516,83.0
6517,71.0
6518,76.0
6519,95.0
6520,95.0
6521,95.0
6522,95.0
6523,95.0
6524,95.0
6525,95.0
6526,95.0
6527,95.0
6528,83.0
6529,95.0
6530,-70.0
6531,33.0
6532,83.0
6533,95.0
6534,64.0
6535,95.0
6536,95.0
6537,47.0
6538,95.0
6539,95.0
6540,83.0
6541,95.0
6542,95.0
6543,52.0
6544,71.0
6545,95.0
6546,83.0
6547,95.0
6548,83.0
6549,76.0
6550,83.0
6551,37.0
6552,71.0
6553,0.0
6554,95.0
6555,95.0
6556,30.0
6557,95.0
6558,71.0
6559,71.0
6560,95.0
6561,95.0
6562,76.0
6563,95.0
6564,71.0
6565,83.0
6566,95.0
6567,59.0
6568,83.0
6569,95.0
6570,64.0
6571,49.0
6572,95.0
6573,95.0
6574,95.0
6575,95.0
6576,64.0
6577,83.0
6578,95.0
6579,95.0
6580,32.0
6581,95.0
6582,95.0
6583,83.0
6584,95.0
6585,95.0
6586,95.0
6587,95.0
6588,95.0
6589,95.0
6590,71.0
6591,52.0
6592,95.0
6593,71.0
6594,76.0
6595,95.0
6596,52.0
6597,71.0
6598,95.0
6599,95.0
6600,64.0
6601,83.0
6602,95.0
6603,95.0
6604,37.0
6605,95.0
6606,37.0
6607,6.0
6608,95.0
6609,64.0
6610,95.0
6611,71.0
6612,83.0
6613,64.0
6614,95.0
6615,95.0
6616,95.0
6617,52.0
6618,95.0
6619,95.0
6620,95.0
6621,95.0
6622,59.0
6623,95.0
6624,95.0
6625,83.0
6626,76.0
6627,95.0
6628,23.0
6629,52.0
6630,83.0
6631,52.0
6632,59.0
6633,95.0
6634,95.0
6635,71.0
6636,95.0
6637,83.0
6638,52.0
6639,83.0
6640,95.0
6641,95.0
6642,95.0
6643,95.0
6644,37.0
6645,95.0
6646,64.0
6647,35.0
6648,95.0
6649,64.0
6650,95.0
6651,95.0
6652,83.0
6653,76.0
6654,95.0
6655,95.0
6656,95.0
6657,52.0
6658,95.0
6659,95.0
6660,95.0
6661,95.0
6662,95.0
6663,95.0
6664,71.0
6665,95.0
6666,95.0
6667,95.0
6668,49.0
6669,95.0
6670,71.0
6671,37.0
6672,95.0
6673,64.0
6674,83.0
6675,95.0
6676,95.0
6677,95.0
6678,52.0
6679,95.0
6680,95.0
6681,95.0
6682,95.0
6683,83.0
6684,83.0
6685,95.0
6686,71.0
6687,83.0
6688,71.0
6689,95.0
6690,52.0
6691,95.0
6692,20.0
6693,95.0
6694,95.0
6695,95.0
6696,95.0
6697,71.0
6698,95.0
6699,-83.0
6700,37.0
6701,95.0
6702,52.0
6703,52.0
6704,95.0
6705,76.0
6706,40.0
6707,52.0
6708,59.0
6709,83.0
6710,71.0
6711,83.0
6712,95.0
6713,-47.0
6714,95.0
6715,95.0
6716,95.0
6717,83.0
6718,95.0
6719,83.0
6720,95.0
6721,83.0
6722,95.0
6723,95.0
6724,54.0
6725,95.0
6726,47.0
6727,83.0
6728,64.0
6729,76.0
6730,95.0
6731,95.0
6732,95.0
6733,64.0
6734,95.0
6735,95.0
6736,95.0
6737,71.0
6738,95.0
6739,95.0
6740,83.0
6741,95.0
6742,64.0
6743,95.0
6744,83.0
6745,95.0
6746,95.0
6747,95.0
6748,71.0
6749,95.0
6750,95.0
6751,95.0
6752,71.0
6753,71.0
6754,95.0
6755,95.0
6756,95.0
6757,37.0
6758,52.0
6759,95.0
6760,95.0
6761,95.0
6762,95.0
6763,83.0
6764,71.0
6765,52.0
6766,95.0
6767,95.0
6768,95.0
6769,52.0
6770,95.0
6771,71.0
6772,66.0
6773,95.0
6774,95.0
6775,95.0
6776,95.0
6777,95.0
6778,95.0
6779,35.0
6780,95.0
6781,95.0
6782,95.0
6783,95.0
6784,95.0
6785,52.0
6786,95.0
6787,95.0
6788,95.0
6789,95.0
6790,95.0
6791,95.0
6792,52.0
6793,83.0
6794,64.0
6795,95.0
6796,95.0
6797,95.0
6798,95.0
6799,95.0
6800,64.0
6801,95.0
6802,95.0
6803,37.0
6804,95.0
6805,83.0
6806,95.0
6807,76.0
6808,95.0
6809,83.0
6810,95.0
6811,95.0
6812,76.0
6813,95.0
6814,95.0
6815,83.0
6816,71.0
6817,83.0
6818,71.0
6819,66.0
6820,54.0
6821,64.0
6822,95.0
6823,95.0
6824,95.0
6825,95.0
6826,95.0
6827,95.0
6828,95.0
6829,95.0
6830,71.0
6831,76.0
6832,95.0
6833,64.0
6834,95.0
6835,95.0
6836,95.0
6837,95.0
6838,54.0
6839,95.0
6840,95.0
6841,95.0
6842,64.0
6843,83.0
6844,95.0
6845,95.0
6846,95.0
6847,83.0
6848,95.0
6849,95.0
6850,71.0
6851,95.0
6852,35.0
6853,95.0
6854,-57.0
6855,64.0
6856,83.0
6857,95.0
6858,95.0
6859,71.0
6860,64.0
6861,-21.0
6862,95.0
6863,42.0
6864,59.0
6865,95.0
6866,95.0
6867,71.0
6868,76.0
6869,95.0
6870,66.0
6871,95.0
6872,64.0
6873,11.0
6874,95.0
6875,83.0
6876,37.0
6877,66.0
6878,71.0
6879,71.0
6880,83.0
6881,95.0
6882,71.0
6883,95.0
6884,95.0
6885,95.0
6886,76.0
6887,95.0
6888,95.0
6889,95.0
6890,49.0
6891,83.0
6892,95.0
6893,83.0
6894,83.0
6895,95.0
6896,59.0
6897,95.0
6898,95.0
6899,95.0
6900,40.0
6901,71.0
6902,95.0
6903,18.0
6904,83.0
6905,95.0
6906,95.0
6907,66.0
6908,95.0
6909,95.0
6910,95.0
6911,95.0
6912,6.0
6913,95.0
6914,95.0
6915,52.0
6916,95.0
6917,71.0
6918,95.0
6919,95.0
6920,71.0
6921,95.0
6922,83.0
6923,95.0
6924,71.0
6925,95.0
6926,95.0
6927,95.0
6928,95.0
6929,95.0
6930,95.0
6931,38.0
6932,54.0
6933,95.0
6934,83.0
6935,66.0
6936,95.0
6937,33.0
6938,59.0
6939,95.0
6940,95.0
6941,83.0
6942,95.0
6943,95.0
6944,83.0
6945,52.0
6946,64.0
6947,95.0
6948,95.0
6949,45.0
6950,95.0
6951,83.0
6952,95.0
6953,95.0
6954,95.0
6955,49.0
6956,83.0
6957,95.0
6958,95.0
6959,83.0
6960,33.0
6961,54.0
6962,95.0
6963,83.0
6964,95.0
6965,95.0
6966,95.0
6967,95.0
6968,71.0
6969,95.0
6970,95.0
6971,95.0
6972,95.0
6973,95.0
6974,95.0
6975,95.0
6976,64.0
6977,59.0
6978,95.0
6979,95.0
6980,95.0
6981,71.0
6982,52.0
6983,71.0
6984,76.0
6985,71.0
6986,-25.0
6987,71.0
6988,-40.0
6989,95.0
6990,83.0
6991,95.0
6992,37.0
6993,76.0
6994,95.0
6995,83.0
6996,59.0
6997,95.0
6998,59.0
6999,71.0
7000,59.0
7001,14.0
7002,64.0
7003,95.0
7004,95.0
7005,95.0
7006,95.0
7007,54.0
7008,95.0
7009,95.0
7010,95.0
7011,37.0
7012,95.0
7013,95.0
7014,95.0
7015,95.0
7016,66.0
7017,76.0
7018,95.0
7019,83.0
7020,95.0
7021,95.0
7022,95.0
7023,71.0
7024,95.0
7025,95.0
7026,71.0
7027,-21.0
7028,95.0
7029,95.0
7030,95.0
7031,83.0
7032,37.0
7033,95.0
7034,59.0
7035,95.0
7036,95.0
7037,1.0
7038,95.0
7039,95.0
7040,95.0
7041,95.0
7042,95.0
7043,71.0
7044,33.0
7045,49.0
7046,64.0
7047,95.0
7048,95.0
7049,37.0
7050,38.0
7051,95.0
7052,42.0
7053,95.0
7054,95.0
7055,35.0
7056,95.0
7057,95.0
7058,95.0
7059,37.0
7060,47.0
7061,95.0
7062,95.0
7063,95.0
7064,42.0
7065,95.0
7066,95.0
7067,66.0
7068,83.0
7069,95.0
7070,95.0
7071,83.0
7072,95.0
7073,95.0
7074,95.0
7075,71.0
7076,59.0
7077,95.0
7078,37.0
7079,95.0
7080,95.0
7081,59.0
7082,95.0
7083,95.0
7084,71.0
7085,25.0
7086,95.0
7087,95.0
7088,95.0
7089,95.0
7090,54.0
7091,71.0
7092,83.0
7093,95.0
7094,95.0
7095,33.0
7096,83.0
7097,83.0
7098,95.0
7099,95.0
7100,49.0
7101,95.0
7102,95.0
7103,95.0
7104,71.0
7105,95.0
7106,71.0
7107,83.0
7108,83.0
7109,71.0
7110,95.0
7111,83.0
7112,64.0
7113,76.0
7114,95.0
7115,71.0
7116,95.0
7117,95.0
7118,95.0
7119,83.0
7120,95.0
7121,95.0
7122,95.0
7123,95.0
7124,95.0
7125,95.0
7126,95.0
7127,83.0
7128,52.0
7129,49.0
7130,95.0
7131,37.0
7132,95.0
7133,95.0
7134,95.0
7135,95.0
7136,95.0
7137,83.0
7138,52.0
7139,95.0
7140,71.0
7141,42.0
7142,83.0
7143,95.0
7144,83.0
7145,95.0
7146,95.0
7147,95.0
7148,32.0
7149,66.0
7150,30.0
7151,95.0
7152,71.0
7153,71.0
7154,95.0
7155,95.0
7156,95.0
7157,71.0
7158,95.0
7159,95.0
7160,71.0
7161,95.0
7162,11.0
7163,95.0
7164,11.0
7165,59.0
7166,71.0
7167,95.0
7168,95.0
7169,95.0
7170,95.0
7171,95.0
7172,83.0
7173,95.0
7174,95.0
7175,59.0
7176,95.0
7177,95.0
7178,95.0
7179,95.0
7180,71.0
7181,95.0
7182,71.0
7183,59.0
7184,95.0
7185,95.0
7186,71.0
7187,95.0
7188,71.0
7189,95.0
7190,42.0
7191,95.0
7192,35.0
7193,37.0
7194,95.0
7195,83.0
7196,95.0
7197,95.0
7198,83.0
7199,95.0
7200,35.0
7201,59.0
7202,83.0
7203,95.0
7204,95.0
7205,95.0
7206,71.0
7207,95.0
7208,83.0
7209,71.0
7210,95.0
7211,83.0
7212,95.0
7213,95.0
7214,71.0
7215,71.0
7216,95.0
7217,95.0
7218,37.0
7219,95.0
7220,95.0
7221,71.0
7222,95.0
7223,83.0
7224,95.0
7225,71.0
7226,71.0
7227,95.0
7228,64.0
7229,95.0
7230,71.0
7231,54.0
7232,95.0
7233,95.0
7234,83.0
7235,54.0
7236,71.0
7237,83.0
7238,49.0
7239,83.0
7240,83.0
7241,71.0
7242,95.0
7243,83.0
7244,83.0
7245,95.0
7246,95.0
7247,83.0
7248,95.0
7249,95.0
7250,95.0
7251,95.0
7252,95.0
7253,42.0
7254,83.0
7255,95.0
7256,95.0
7257,95.0
7258,95.0
7259,95.0
7260,83.0
7261,83.0
7262,95.0
7263,59.0
7264,52.0
7265,95.0
7266,71.0
7267,71.0
7268,95.0
7269,95.0
7270,59.0
7271,71.0
7272,95.0
7273,95.0
7274,59.0
7275,71.0
7276,-59.0
7277,47.0
7278,83.0
7279,47.0
7280,71.0
7281,95.0
7282,95.0
7283,83.0
7284,95.0
7285,83.0
7286,11.0
7287,95.0
7288,95.0
7289,47.0
7290,83.0
7291,83.0
7292,95.0
7293,83.0
7294,95.0
7295,95.0
7296,71.0
7297,71.0
7298,83.0
7299,71.0
7300,83.0
7301,71.0
7302,71.0
7303,95.0
7304,95.0
7305,95.0
7306,95.0
7307,13.0
7308,95.0
7309,95.0
7310,52.0
7311,59.0
7312,71.0
7313,59.0
7314,71.0
7315,71.0
7316,95.0
7317,95.0
7318,71.0
7319,95.0
7320,71.0
7321,95.0
7322,71.0
7323,71.0
7324,95.0
7325,71.0
7326,95.0
7327,95.0
7328,71.0
7329,83.0
7330,95.0
7331,95.0
7332,95.0
7333,59.0
7334,95.0
7335,33.0
7336,59.0
7337,95.0
7338,95.0
7339,71.0
7340,71.0
7341,95.0
7342,95.0
7343,83.0
7344,83.0
7345,95.0
7346,83.0
7347,95.0
7348,30.0
7349,95.0
7350,71.0
7351,71.0
7352,95.0
7353,83.0
7354,52.0
7355,83.0
7356,25.0
7357,95.0
7358,83.0
7359,95.0
7360,95.0
7361,95.0
7362,95.0
7363,71.0
7364,95.0
7365,95.0
7366,54.0
7367,95.0
7368,71.0
7369,33.0
7370,95.0
7371,95.0
7372,83.0
7373,95.0
7374,95.0
7375,71.0
7376,95.0
7377,95.0
7378,95.0
7379,76.0
7380,95.0
7381,83.0
7382,35.0
7383,95.0
7384,95.0
7385,95.0
7386,83.0
7387,49.0
7388,71.0
7389,59.0
7390,95.0
7391,95.0
7392,95.0
7393,83.0
7394,71.0
7395,71.0
7396,95.0
7397,54.0
7398,95.0
7399,71.0
7400,95.0
7401,25.0
7402,95.0
7403,54.0
7404,83.0
7405,95.0
7406,95.0
7407,95.0
7408,95.0
7409,71.0
7410,71.0
7411,37.0
7412,95.0
7413,33.0
7414,95.0
7415,95.0
7416,95.0
7417,83.0
7418,66.0
7419,95.0
7420,95.0
7421,95.0
7422,83.0
7423,95.0
7424,95.0
7425,95.0
7426,52.0
7427,95.0
7428,95.0
7429,11.0
7430,95.0
7431,95.0
7432,83.0
7433,42.0
7434,83.0
7435,59.0
7436,95.0
7437,95.0
7438,95.0
7439,71.0
7440,76.0
7441,54.0
7442,71.0
7443,49.0
7444,95.0
