0 95.0
1 -200.0
2 95.0
3 -231.0
4 83.0
5 95.0
6 -355.0
7 -375.0
8 95.0
9 -219.0
10 -375.0
11 76.0
12 -207.0
13 95.0
14 95.0
15 71.0
16 -370.0
17 -365.0
18 95.0
19 -132.0
20 83.0
21 -375.0
22 -365.0
23 95.0
24 -355.0
25 -144.0
26 95.0
27 -84.0
28 -375.0
29 -365.0
30 -375.0
31 66.0
32 95.0
33 -345.0
34 -11.0
35 71.0
36 -345.0
37 66.0
38 95.0
39 42.0
40 -18.0
41 -43.0
42 -370.0
43 -129.0
44 -149.0
45 -360.0
46 95.0
47 95.0
48 -57.0
49 23.0
50 -217.0
51 -355.0
52 83.0
53 95.0
54 95.0
55 -81.0
56 -144.0
57 30.0
58 -35.0
59 71.0
60 95.0
61 95.0
62 76.0
63 -360.0
64 38.0
65 45.0
66 57.0
67 -221.0
68 59.0
69 -148.0
70 95.0
71 83.0
72 -166.0
73 95.0
74 -49.0
75 -185.0
76 83.0
77 83.0
78 38.0
79 83.0
80 83.0
81 95.0
82 37.0
83 -350.0
84 76.0
85 -89.0
86 -375.0
87 -79.0
88 59.0
89 -37.0
90 95.0
91 26.0
92 -340.0
93 -137.0
94 83.0
95 -93.0
96 -375.0
97 -81.0
98 25.0
99 -355.0
100 35.0
101 95.0
102 30.0
103 30.0
104 -122.0
105 95.0
106 95.0
107 2.0
108 -246.0
109 -370.0
110 -69.0
111 -266.0
112 95.0
113 95.0
114 -355.0
115 -30.0
116 95.0
117 -365.0
118 95.0
119 -335.0
120 -350.0
121 -117.0
122 -360.0
123 -355.0
124 95.0
125 -146.0
126 42.0
127 95.0
128 -16.0
129 -153.0
130 71.0
131 42.0
132 95.0
133 95.0
134 -165.0
135 59.0
136 -375.0
137 -245.0
138 95.0
139 -72.0
140 95.0
141 83.0
142 13.0
143 -380.0
144 71.0
145 83.0
146 -108.0
147 -105.0
148 95.0
149 -365.0
150 64.0
151 -202.0
152 95.0
153 95.0
154 -40.0
155 54.0
156 -360.0
157 -350.0
158 -355.0
159 83.0
160 71.0
161 -365.0
162 37.0
163 -253.0
164 -45.0
165 -132.0
166 -173.0
167 95.0
168 -45.0
169 95.0
170 83.0
171 -350.0
172 95.0
173 95.0
174 37.0
175 95.0
176 95.0
177 -355.0
178 95.0
179 -360.0
180 -380.0
181 -69.0
182 -6.0
183 -400.0
184 -405.0
185 95.0
186 -294.0
187 95.0
188 -19.0
189 95.0
190 -10.0
191 64.0
192 95.0
193 -16.0
194 95.0
195 -400.0
196 -84.0
197 -390.0
198 40.0
199 76.0
200 95.0
201 83.0
202 95.0
203 -226.0
204 -405.0
205 -26.0
206 95.0
207 -400.0
208 95.0
209 64.0
210 -405.0
211 95.0
212 95.0
213 95.0
214 95.0
215 95.0
216 -395.0
217 -19.0
218 23.0
219 95.0
220 95.0
221 95.0
222 -400.0
223 95.0
224 95.0
225 95.0
226 83.0
227 95.0
228 95.0
229 -400.0
230 -405.0
231 95.0
232 -400.0
233 95.0
234 64.0
235 95.0
236 95.0
237 -67.0
238 95.0
239 95.0
240 95.0
241 -410.0
242 95.0
243 95.0
244 66.0
245 95.0
246 95.0
247 95.0
248 95.0
249 -405.0
250 95.0
251 95.0
252 95.0
253 38.0
254 -12.0
255 -141.0
256 -400.0
257 -67.0
258 95.0
259 -395.0
260 -400.0
261 95.0
262 95.0
263 95.0
264 95.0
265 95.0
266 95.0
267 66.0
268 64.0
269 -400.0
270 -410.0
271 57.0
272 -400.0
273 76.0
274 95.0
275 64.0
276 95.0
277 95.0
278 -390.0
279 95.0
280 -390.0
281 -395.0
282 95.0
283 76.0
284 -400.0
285 -395.0
286 38.0
287 95.0
288 -395.0
289 95.0
290 -297.0
291 -163.0
292 49.0
293 -224.0
294 -1.0
295 -390.0
296 95.0
297 -395.0
298 -385.0
299 -385.0
300 95.0
301 83.0
302 57.0
303 95.0
304 -119.0
305 95.0
306 95.0
307 95.0
308 49.0
309 -400.0
310 -395.0
311 -405.0
312 95.0
313 -400.0
314 -146.0
315 76.0
316 95.0
317 95.0
318 66.0
319 -390.0
320 95.0
321 57.0
322 -400.0
323 95.0
324 95.0
325 95.0
326 76.0
327 -385.0
328 95.0
329 57.0
330 -20.0
331 -400.0
332 -395.0
333 95.0
334 95.0
335 95.0
336 6.0
337 -19.0
338 95.0
339 76.0
340 95.0
341 95.0
342 95.0
343 2.0
344 38.0
345 95.0
346 37.0
347 95.0
348 95.0
349 95.0
350 95.0
351 76.0
352 95.0
353 -400.0
354 -405.0
355 95.0
356 -400.0
357 95.0
358 95.0
359 95.0
360 95.0
361 76.0
362 64.0
363 95.0
364 76.0
365 95.0
366 -380.0
367 95.0
368 76.0
369 95.0
370 -400.0
371 -390.0
372 95.0
373 -395.0
374 95.0
375 -400.0
376 95.0
377 -390.0
378 95.0
379 -400.0
380 57.0
381 95.0
382 95.0
383 95.0
384 -395.0
385 95.0
386 57.0
387 76.0
388 -400.0
389 95.0
390 95.0
391 95.0
392 95.0
393 -395.0
394 95.0
395 -390.0
396 -400.0
397 -390.0
398 95.0
399 95.0
400 -390.0
401 95.0
402 57.0
403 57.0
404 -395.0
405 95.0
406 95.0
407 95.0
408 -395.0
409 76.0
410 95.0
411 95.0
412 95.0
