0,33.0
1,95.0
2,-156.0
3,-340.0
4,-375.0
5,30.0
6,95.0
7,30.0
8,-360.0
9,-360.0
10,-365.0
11,-76.0
12,-160.0
13,-4.0
14,-79.0
15,66.0
16,-116.0
17,23.0
18,-28.0
19,95.0
20,-360.0
21,37.0
22,-345.0
23,83.0
24,-350.0
25,-365.0
26,83.0
27,9.0
28,95.0
29,-96.0
30,95.0
31,-150.0
32,-355.0
33,83.0
34,76.0
35,-42.0
36,-335.0
37,95.0
38,95.0
39,52.0
40,71.0
41,-360.0
42,-355.0
43,-365.0
44,95.0
45,28.0
46,-370.0
47,95.0
48,-355.0
49,-178.0
50,71.0
51,95.0
52,-355.0
53,-355.0
54,95.0
55,-93.0
56,-227.0
57,54.0
58,-365.0
59,-132.0
60,-360.0
61,-335.0
62,-40.0
63,71.0
64,-385.0
65,-108.0
66,-345.0
67,-185.0
68,95.0
69,-370.0
70,-62.0
71,-350.0
72,95.0
73,-350.0
74,95.0
75,95.0
76,-360.0
77,2.0
78,95.0
79,-360.0
80,-226.0
81,95.0
82,-158.0
83,38.0
84,71.0
85,-265.0
86,-139.0
87,-21.0
88,95.0
89,83.0
90,95.0
91,-360.0
92,66.0
93,76.0
94,57.0
95,95.0
96,95.0
97,57.0
98,33.0
99,95.0
100,-200.0
101,54.0
102,-35.0
103,-345.0
104,-355.0
105,-115.0
106,-335.0
107,-365.0
108,-360.0
109,-112.0
110,95.0
111,95.0
112,38.0
113,13.0
114,20.0
115,83.0
116,-238.0
117,-330.0
118,95.0
119,83.0
120,95.0
121,-47.0
122,-85.0
123,-192.0
124,95.0
125,57.0
126,-74.0
127,49.0
128,95.0
129,95.0
130,95.0
131,-115.0
132,-42.0
133,-365.0
134,-192.0
135,95.0
136,59.0
137,-173.0
138,52.0
139,-15.0
140,-76.0
141,95.0
142,-258.0
143,66.0
144,-370.0
145,-64.0
146,-365.0
147,-360.0
148,52.0
149,-350.0
150,71.0
151,-16.0
152,95.0
153,-360.0
154,95.0
155,-9.0
156,-340.0
157,-355.0
158,-28.0
159,83.0
160,-86.0
161,71.0
162,95.0
163,54.0
164,-350.0
165,-380.0
166,-360.0
167,-350.0
168,95.0
169,-325.0
170,-253.0
171,-365.0
172,37.0
173,-340.0
174,-231.0
175,-365.0
176,95.0
177,83.0
178,-360.0
179,-360.0
180,37.0
181,-110.0
182,95.0
183,95.0
184,66.0
185,-350.0
186,6.0
187,-231.0
188,-355.0
189,-16.0
190,-64.0
191,-340.0
192,-28.0
193,71.0
194,13.0
195,-355.0
196,95.0
197,-67.0
198,-91.0
199,83.0
200,-36.0
201,20.0
202,-11.0
203,-93.0
204,95.0
205,-178.0
206,95.0
207,95.0
208,-192.0
209,83.0
210,76.0
211,-72.0
212,-77.0
213,-360.0
214,-64.0
215,-6.0
216,-71.0
217,21.0
218,-16.0
219,83.0
220,95.0
221,-76.0
222,40.0
223,76.0
224,-350.0
225,-355.0
226,-340.0
227,95.0
228,-385.0
229,76.0
230,-340.0
231,-102.0
232,54.0
233,-62.0
234,-360.0
235,-134.0
236,6.0
237,-370.0
238,-375.0
239,-52.0
240,71.0
241,71.0
242,-340.0
243,95.0
244,-132.0
245,13.0
246,76.0
247,-360.0
248,47.0
249,-350.0
250,83.0
251,1.0
252,-113.0
253,-350.0
254,11.0
255,66.0
256,95.0
257,-91.0
258,83.0
259,83.0
260,-375.0
261,95.0
262,-355.0
263,-345.0
264,-370.0
265,-86.0
266,-355.0
267,47.0
268,83.0
269,-360.0
270,-330.0
271,-86.0
272,71.0
273,-350.0
274,95.0
275,-375.0
276,-31.0
277,-360.0
278,54.0
279,83.0
280,66.0
281,95.0
282,-350.0
283,-138.0
284,95.0
285,-197.0
286,-144.0
287,64.0
288,18.0
289,83.0
290,95.0
291,14.0
292,-345.0
293,59.0
294,83.0
295,95.0
296,95.0
297,-110.0
298,-345.0
299,47.0
300,-255.0
301,30.0
302,52.0
303,-139.0
304,71.0
305,6.0
306,-355.0
307,-69.0
308,-370.0
309,-360.0
310,-67.0
311,-119.0
312,45.0
313,83.0
314,71.0
315,35.0
316,54.0
317,-76.0
318,76.0
319,-345.0
320,95.0
321,-355.0
322,-99.0
323,-360.0
324,-226.0
325,95.0
326,6.0
327,-370.0
328,95.0
329,95.0
330,95.0
331,-214.0
332,83.0
333,-235.0
334,59.0
335,40.0
336,95.0
337,-355.0
338,-125.0
339,83.0
340,95.0
341,95.0
342,-103.0
343,-212.0
344,-224.0
345,-365.0
346,7.0
347,83.0
348,-380.0
349,-365.0
350,-86.0
351,-69.0
352,95.0
353,-64.0
354,11.0
355,42.0
356,95.0
357,95.0
358,-156.0
359,95.0
360,76.0
361,-188.0
362,83.0
363,-360.0
364,-35.0
365,64.0
366,71.0
367,-365.0
368,-360.0
369,-355.0
370,13.0
371,-16.0
372,-365.0
373,-355.0
374,42.0
375,-131.0
376,13.0
377,-350.0
378,-28.0
379,95.0
380,59.0
381,-58.0
382,95.0
383,47.0
384,-150.0
385,83.0
386,95.0
387,-132.0
388,-355.0
389,64.0
390,23.0
391,95.0
392,-250.0
393,-355.0
394,83.0
395,-252.0
396,54.0
397,-25.0
398,83.0
399,83.0
400,-132.0
401,-380.0
402,95.0
403,-365.0
404,-355.0
405,-355.0
406,-350.0
407,-201.0
408,-350.0
409,95.0
410,83.0
411,83.0
412,-355.0
413,-197.0
414,-350.0
415,83.0
416,-8.0
417,83.0
418,38.0
419,47.0
420,83.0
421,-214.0
422,-28.0
423,95.0
424,-55.0
425,95.0
426,35.0
427,-95.0
428,-355.0
429,83.0
430,95.0
431,-355.0
432,-380.0
433,95.0
434,95.0
435,95.0
436,-355.0
437,83.0
438,95.0
439,83.0
440,-345.0
441,47.0
442,30.0
443,95.0
444,83.0
445,-370.0
446,83.0
447,59.0
448,95.0
449,-67.0
450,-144.0
451,-139.0
452,-370.0
453,-370.0
454,95.0
455,95.0
456,95.0
457,83.0
458,95.0
459,95.0
460,-365.0
461,95.0
462,95.0
463,-64.0
464,-345.0
465,-370.0
466,-350.0
467,40.0
468,-360.0
469,16.0
470,-50.0
471,95.0
472,71.0
473,-98.0
474,-365.0
475,47.0
476,83.0
477,-45.0
478,-201.0
479,-16.0
480,-33.0
481,-175.0
482,95.0
483,-370.0
484,95.0
485,21.0
486,4.0
487,-340.0
488,95.0
489,-187.0
490,-360.0
491,95.0
492,-173.0
493,-175.0
494,-143.0
495,-340.0
496,-52.0
497,-74.0
498,-42.0
499,33.0
500,-96.0
501,-192.0
502,47.0
503,95.0
504,71.0
505,95.0
506,95.0
507,95.0
508,54.0
509,-375.0
510,-193.0
511,83.0
512,95.0
513,-360.0
514,25.0
515,95.0
516,57.0
517,95.0
518,-11.0
519,95.0
520,95.0
521,52.0
522,-195.0
523,-365.0
524,-23.0
525,-86.0
526,83.0
527,-385.0
528,6.0
529,95.0
530,-360.0
531,95.0
532,-355.0
533,95.0
534,59.0
535,-231.0
536,-365.0
537,-360.0
538,83.0
539,-66.0
540,95.0
541,71.0
542,95.0
543,-272.0
544,71.0
545,54.0
546,-69.0
547,-149.0
548,57.0
549,95.0
550,16.0
551,95.0
552,-98.0
553,95.0
554,83.0
555,-380.0
556,95.0
557,42.0
558,95.0
559,83.0
560,-74.0
561,83.0
562,95.0
563,-49.0
564,-69.0
565,9.0
566,-69.0
567,-35.0
568,-355.0
569,83.0
570,83.0
571,95.0
572,95.0
573,-145.0
574,95.0
575,-370.0
576,95.0
577,66.0
578,-370.0
579,-122.0
580,71.0
581,95.0
582,95.0
583,95.0
584,83.0
585,-350.0
586,-365.0
587,95.0
588,-151.0
589,83.0
590,-360.0
591,83.0
592,-16.0
593,-108.0
594,-146.0
595,21.0
596,-375.0
597,-197.0
598,-390.0
599,-59.0
600,-365.0
601,95.0
602,95.0
603,-122.0
604,-370.0
605,-365.0
606,-149.0
607,59.0
608,-375.0
609,-355.0
610,-152.0
611,-40.0
612,95.0
613,95.0
614,95.0
615,95.0
616,95.0
617,83.0
618,95.0
619,83.0
620,-350.0
621,95.0
622,83.0
623,95.0
624,-370.0
625,59.0
626,83.0
627,76.0
628,95.0
629,-385.0
630,-127.0
631,14.0
632,95.0
633,83.0
634,0.0
635,95.0
636,-380.0
637,-129.0
638,-380.0
639,95.0
640,83.0
641,95.0
642,-355.0
643,95.0
644,-385.0
645,95.0
646,-137.0
647,-370.0
648,83.0
649,47.0
650,83.0
651,13.0
652,-370.0
653,-360.0
654,95.0
655,-375.0
656,-375.0
657,-187.0
658,-247.0
659,-390.0
660,83.0
661,-161.0
662,95.0
663,95.0
664,1.0
665,42.0
666,-224.0
667,95.0
668,54.0
669,-47.0
670,-370.0
671,-110.0
672,-55.0
673,2.0
674,95.0
675,-360.0
676,37.0
677,83.0
678,35.0
679,59.0
680,83.0
681,-375.0
682,42.0
683,95.0
684,95.0
685,-380.0
686,71.0
687,95.0
688,95.0
689,-200.0
690,52.0
691,-190.0
692,-269.0
693,-360.0
694,95.0
695,-103.0
696,-192.0
697,95.0
698,-385.0
699,95.0
700,95.0
701,83.0
702,-13.0
703,95.0
704,-96.0
705,83.0
706,64.0
707,-350.0
708,-370.0
709,-365.0
710,95.0
711,71.0
712,-375.0
713,-43.0
714,95.0
715,-350.0
716,-380.0
717,95.0
718,-360.0
719,71.0
720,95.0
721,-375.0
722,13.0
723,83.0
724,95.0
725,95.0
726,-232.0
727,83.0
728,95.0
729,-79.0
730,95.0
731,95.0
732,-330.0
733,-380.0
734,71.0
735,-74.0
736,83.0
737,-360.0
738,-184.0
739,-19.0
740,-72.0
741,83.0
742,95.0
743,95.0
744,95.0
745,-355.0
746,59.0
747,95.0
748,-108.0
749,-365.0
750,-375.0
751,-370.0
752,83.0
753,-380.0
754,-390.0
755,95.0
756,-171.0
757,95.0
758,59.0
759,52.0
760,95.0
761,95.0
762,95.0
763,-67.0
764,95.0
765,95.0
766,-360.0
767,95.0
768,-175.0
769,95.0
770,95.0
771,-251.0
772,-370.0
773,-365.0
774,95.0
775,-16.0
776,20.0
777,13.0
778,-47.0
779,95.0
780,95.0
781,-139.0
782,95.0
783,-74.0
784,-385.0
785,83.0
786,95.0
787,-380.0
788,95.0
789,95.0
790,95.0
791,95.0
792,95.0
793,-380.0
794,-107.0
795,71.0
796,-375.0
797,83.0
798,19.0
799,21.0
800,95.0
801,-370.0
802,66.0
803,95.0
804,-82.0
805,71.0
806,30.0
807,-1.0
808,-10.0
809,95.0
810,71.0
811,13.0
812,95.0
813,-360.0
814,95.0
815,-355.0
816,83.0
817,54.0
818,95.0
819,-350.0
820,-380.0
821,95.0
822,83.0
823,-365.0
824,95.0
825,-253.0
826,-365.0
827,59.0
828,-370.0
829,83.0
830,-60.0
831,-105.0
832,-370.0
833,-228.0
834,83.0
835,49.0
836,83.0
837,-360.0
838,95.0
839,59.0
840,95.0
841,83.0
842,95.0
843,37.0
844,-360.0
845,-395.0
846,95.0
847,54.0
848,-33.0
849,30.0
850,95.0
851,71.0
852,95.0
853,-355.0
854,95.0
855,-262.0
856,-23.0
857,95.0
858,-253.0
859,95.0
860,-287.0
861,-49.0
862,35.0
863,95.0
864,-365.0
865,95.0
866,-16.0
867,-170.0
868,-360.0
869,18.0
870,-365.0
871,-30.0
872,95.0
873,-380.0
874,95.0
875,7.0
876,83.0
877,-370.0
878,95.0
879,95.0
880,-231.0
881,-380.0
882,-390.0
883,-355.0
884,42.0
885,-385.0
886,-5.0
887,95.0
888,-360.0
889,54.0
890,38.0
891,-375.0
892,95.0
893,-151.0
894,95.0
895,95.0
896,83.0
897,8.0
898,95.0
899,95.0
900,95.0
901,-31.0
902,95.0
903,-37.0
904,47.0
905,95.0
906,95.0
907,-375.0
908,-375.0
909,-370.0
910,-13.0
911,95.0
912,83.0
913,-148.0
914,95.0
915,95.0
916,95.0
917,95.0
918,95.0
919,-72.0
920,-360.0
921,28.0
922,-365.0
923,-350.0
924,-370.0
925,95.0
926,71.0
927,-96.0
928,30.0
929,-29.0
930,-142.0
931,-370.0
932,83.0
933,-385.0
934,-54.0
935,-375.0
936,-390.0
937,95.0
938,-113.0
939,57.0
940,95.0
941,-60.0
942,95.0
943,-360.0
944,-203.0
945,-52.0
946,-390.0
947,49.0
948,20.0
949,95.0
950,95.0
951,-240.0
952,-50.0
953,-375.0
954,71.0
955,-18.0
956,-11.0
957,54.0
958,95.0
959,-16.0
960,-236.0
961,23.0
962,64.0
963,-78.0
964,28.0
965,-141.0
966,-365.0
967,37.0
968,71.0
969,42.0
970,-186.0
971,83.0
972,76.0
973,95.0
974,-74.0
975,-385.0
976,64.0
977,95.0
978,-272.0
979,95.0
980,-390.0
981,-4.0
982,54.0
983,-68.0
984,95.0
985,95.0
986,37.0
987,-370.0
988,95.0
989,-380.0
990,95.0
991,95.0
992,-360.0
993,95.0
994,95.0
995,95.0
996,-171.0
997,95.0
998,-75.0
999,-43.0
1000,95.0
1001,-205.0
1002,-12.0
1003,95.0
1004,95.0
1005,95.0
1006,-360.0
1007,83.0
1008,-375.0
1009,83.0
1010,-91.0
1011,-385.0
1012,95.0
1013,28.0
1014,-375.0
1015,95.0
1016,95.0
1017,-375.0
1018,83.0
1019,95.0
1020,-198.0
1021,95.0
1022,-375.0
1023,54.0
1024,95.0
1025,-390.0
1026,-350.0
1027,45.0
1028,-355.0
1029,32.0
1030,-33.0
1031,-168.0
1032,95.0
1033,-43.0
1034,-116.0
1035,95.0
1036,-370.0
1037,95.0
1038,95.0
1039,95.0
1040,-360.0
1041,83.0
1042,-380.0
1043,-385.0
1044,-370.0
1045,-380.0
1046,37.0
1047,-127.0
1048,95.0
1049,-78.0
1050,-132.0
1051,-67.0
1052,-365.0
1053,-31.0
1054,-395.0
1055,64.0
1056,21.0
1057,95.0
1058,95.0
1059,95.0
1060,-87.0
1061,-4.0
1062,95.0
1063,-65.0
1064,42.0
1065,49.0
1066,95.0
1067,83.0
1068,76.0
1069,95.0
1070,-226.0
1071,83.0
1072,-90.0
1073,-385.0
1074,95.0
1075,-370.0
1076,-4.0
1077,-99.0
1078,71.0
1079,42.0
1080,95.0
1081,95.0
1082,95.0
1083,95.0
1084,95.0
1085,95.0
1086,-13.0
1087,-375.0
1088,83.0
1089,64.0
1090,-375.0
1091,-365.0
1092,-11.0
1093,95.0
1094,-385.0
1095,95.0
1096,83.0
1097,95.0
1098,35.0
1099,95.0
1100,95.0
1101,-400.0
1102,-205.0
1103,64.0
1104,-25.0
1105,6.0
1106,-380.0
1107,-390.0
1108,95.0
1109,66.0
1110,95.0
1111,-390.0
1112,95.0
1113,95.0
1114,95.0
1115,-375.0
1116,20.0
1117,-360.0
1118,83.0
1119,95.0
1120,-360.0
1121,95.0
1122,83.0
1123,-380.0
1124,95.0
1125,-385.0
1126,-385.0
1127,95.0
1128,83.0
1129,95.0
1130,95.0
1131,83.0
1132,-370.0
1133,-21.0
1134,-56.0
1135,11.0
1136,49.0
1137,95.0
1138,-214.0
1139,-35.0
1140,-370.0
1141,95.0
1142,95.0
1143,-380.0
1144,-5.0
1145,76.0
1146,-360.0
1147,71.0
1148,83.0
1149,-9.0
1150,71.0
1151,95.0
1152,76.0
1153,95.0
1154,-84.0
1155,13.0
1156,83.0
1157,95.0
1158,-43.0
1159,-123.0
1160,19.0
1161,95.0
1162,57.0
1163,95.0
1164,95.0
1165,-395.0
1166,95.0
1167,83.0
1168,71.0
1169,83.0
1170,95.0
1171,-385.0
1172,-385.0
1173,-84.0
1174,37.0
1175,-145.0
1176,-380.0
1177,-60.0
1178,83.0
1179,-390.0
1180,38.0
1181,-365.0
1182,-390.0
1183,-380.0
1184,-385.0
1185,-365.0
1186,-172.0
1187,95.0
1188,83.0
1189,-395.0
1190,95.0
1191,83.0
1192,95.0
1193,95.0
1194,95.0
1195,95.0
1196,95.0
1197,-390.0
1198,-66.0
1199,64.0
1200,11.0
1201,-385.0
1202,-375.0
1203,-82.0
1204,95.0
1205,95.0
1206,-23.0
1207,95.0
1208,-390.0
1209,95.0
1210,-204.0
1211,-375.0
1212,95.0
1213,95.0
1214,54.0
1215,95.0
1216,95.0
1217,83.0
1218,19.0
1219,95.0
1220,-147.0
1221,-120.0
1222,95.0
1223,-83.0
1224,42.0
1225,83.0
1226,-370.0
1227,95.0
1228,95.0
1229,83.0
1230,95.0
1231,-380.0
1232,-385.0
1233,-380.0
1234,-385.0
1235,64.0
1236,-267.0
1237,95.0
1238,-390.0
1239,-350.0
1240,-58.0
1241,95.0
1242,95.0
1243,95.0
1244,76.0
1245,95.0
1246,83.0
1247,-52.0
1248,95.0
1249,42.0
1250,-395.0
1251,83.0
1252,38.0
1253,95.0
1254,95.0
1255,-365.0
1256,42.0
1257,71.0
1258,66.0
1259,-380.0
1260,-395.0
1261,83.0
1262,-45.0
1263,-55.0
1264,95.0
1265,95.0
1266,-375.0
1267,95.0
1268,95.0
1269,95.0
1270,64.0
1271,64.0
1272,95.0
1273,52.0
1274,-385.0
1275,47.0
1276,-152.0
1277,49.0
1278,59.0
1279,95.0
1280,95.0
1281,-76.0
1282,-380.0
1283,95.0
1284,83.0
1285,-375.0
1286,-380.0
1287,-395.0
1288,-375.0
1289,95.0
1290,95.0
1291,-385.0
1292,-395.0
1293,-370.0
1294,-142.0
1295,-11.0
1296,-31.0
1297,18.0
1298,28.0
1299,30.0
1300,-234.0
1301,83.0
1302,-380.0
1303,83.0
1304,-405.0
1305,95.0
1306,-385.0
1307,-73.0
1308,42.0
1309,76.0
1310,83.0
1311,83.0
1312,83.0
1313,76.0
1314,-395.0
1315,-360.0
1316,-400.0
1317,83.0
1318,54.0
1319,-71.0
1320,-395.0
1321,-370.0
1322,95.0
1323,-395.0
1324,95.0
1325,83.0
1326,83.0
1327,-400.0
1328,95.0
1329,76.0
1330,95.0
1331,-55.0
1332,95.0
1333,-395.0
1334,-11.0
1335,-400.0
1336,38.0
1337,-395.0
1338,66.0
1339,95.0
1340,95.0
1341,57.0
1342,33.0
1343,95.0
1344,-375.0
1345,57.0
1346,-380.0
1347,-390.0
1348,95.0
1349,95.0
1350,95.0
1351,83.0
1352,-268.0
1353,95.0
1354,95.0
1355,-395.0
1356,83.0
1357,95.0
1358,-395.0
1359,-38.0
1360,95.0
1361,-385.0
1362,95.0
1363,95.0
1364,-390.0
1365,-67.0
1366,-390.0
1367,83.0
1368,95.0
1369,-390.0
1370,95.0
1371,83.0
1372,95.0
1373,95.0
1374,-390.0
1375,66.0
1376,-79.0
1377,-82.0
1378,32.0
1379,-385.0
1380,95.0
1381,71.0
1382,95.0
1383,-390.0
1384,95.0
1385,83.0
1386,95.0
1387,95.0
1388,95.0
1389,95.0
1390,95.0
1391,95.0
1392,95.0
1393,-172.0
1394,95.0
1395,95.0
1396,83.0
1397,95.0
1398,83.0
1399,-380.0
1400,57.0
1401,30.0
1402,95.0
1403,-183.0
1404,-375.0
1405,-380.0
1406,-159.0
1407,95.0
1408,-385.0
1409,52.0
1410,45.0
1411,-375.0
1412,-217.0
1413,95.0
1414,-390.0
1415,66.0
1416,95.0
1417,-395.0
1418,71.0
1419,76.0
1420,83.0
1421,-365.0
1422,95.0
1423,95.0
1424,57.0
1425,-375.0
1426,83.0
1427,83.0
1428,95.0
1429,95.0
1430,-19.0
1431,-390.0
1432,-390.0
1433,95.0
1434,95.0
1435,16.0
1436,95.0
1437,64.0
1438,95.0
1439,38.0
1440,95.0
1441,76.0
1442,-221.0
1443,26.0
1444,95.0
1445,95.0
1446,76.0
1447,28.0
1448,7.0
1449,95.0
1450,95.0
1451,0.0
1452,95.0
1453,-400.0
1454,-60.0
1455,95.0
1456,95.0
1457,47.0
1458,76.0
1459,-380.0
1460,-370.0
1461,71.0
1462,-375.0
1463,-13.0
1464,-380.0
1465,-365.0
1466,-174.0
1467,-209.0
1468,95.0
1469,-395.0
1470,-256.0
1471,-68.0
1472,-380.0
1473,-395.0
1474,-6.0
1475,-11.0
1476,-395.0
1477,95.0
1478,-200.0
1479,95.0
1480,-157.0
1481,71.0
1482,-64.0
1483,-390.0
1484,95.0
1485,95.0
1486,-60.0
1487,95.0
1488,95.0
1489,30.0
1490,-375.0
1491,-380.0
1492,-400.0
1493,-395.0
1494,47.0
1495,95.0
1496,-395.0
1497,-375.0
1498,95.0
1499,83.0
1500,95.0
1501,-190.0
1502,-109.0
1503,95.0
1504,-395.0
1505,76.0
1506,54.0
1507,95.0
1508,-385.0
1509,95.0
1510,95.0
1511,95.0
1512,95.0
1513,57.0
1514,71.0
1515,95.0
1516,-107.0
1517,-385.0
1518,-405.0
1519,-380.0
1520,-400.0
1521,-395.0
1522,95.0
1523,35.0
1524,-390.0
1525,-405.0
1526,95.0
1527,-380.0
1528,95.0
1529,-27.0
1530,95.0
1531,83.0
1532,95.0
1533,95.0
1534,-395.0
1535,20.0
1536,13.0
1537,95.0
1538,83.0
1539,-400.0
1540,-395.0
1541,-390.0
1542,95.0
1543,40.0
1544,95.0
1545,83.0
1546,95.0
1547,-229.0
1548,76.0
1549,-400.0
1550,95.0
1551,83.0
1552,95.0
1553,-395.0
1554,-100.0
1555,83.0
1556,-400.0
1557,83.0
1558,47.0
1559,-114.0
1560,83.0
1561,-400.0
1562,-400.0
1563,95.0
1564,95.0
1565,-38.0
1566,-3.0
1567,38.0
1568,95.0
1569,-385.0
1570,-395.0
1571,95.0
1572,-395.0
1573,83.0
1574,45.0
1575,95.0
1576,95.0
1577,-385.0
1578,-80.0
1579,95.0
1580,95.0
1581,-390.0
1582,95.0
1583,-195.0
1584,95.0
1585,-390.0
1586,-380.0
1587,-380.0
1588,-400.0
1589,76.0
1590,95.0
1591,95.0
1592,95.0
1593,-217.0
1594,-385.0
1595,64.0
1596,57.0
1597,-365.0
1598,57.0
1599,47.0
1600,95.0
1601,-390.0
1602,95.0
1603,-380.0
1604,95.0
1605,95.0
1606,-380.0
1607,-345.0
1608,95.0
1609,-41.0
1610,95.0
1611,95.0
1612,16.0
1613,-48.0
1614,-91.0
1615,-370.0
1616,-229.0
1617,95.0
1618,95.0
1619,-375.0
1620,95.0
1621,95.0
1622,95.0
1623,95.0
1624,-375.0
1625,95.0
1626,95.0
1627,-144.0
1628,95.0
1629,95.0
1630,76.0
1631,95.0
1632,95.0
1633,25.0
1634,83.0
1635,64.0
1636,-110.0
1637,95.0
1638,57.0
1639,64.0
1640,20.0
1641,95.0
1642,95.0
1643,-370.0
1644,95.0
1645,-370.0
1646,3.0
1647,-365.0
1648,83.0
1649,95.0
1650,-385.0
1651,-375.0
1652,83.0
1653,-84.0
1654,-12.0
1655,95.0
1656,-375.0
1657,-165.0
1658,-375.0
1659,71.0
1660,76.0
1661,95.0
1662,95.0
1663,95.0
1664,-11.0
1665,95.0
1666,-18.0
1667,-100.0
1668,95.0
1669,-360.0
1670,95.0
1671,-360.0
1672,71.0
1673,-233.0
1674,95.0
1675,-370.0
1676,95.0
1677,95.0
1678,83.0
1679,-74.0
1680,95.0
1681,95.0
1682,-370.0
1683,47.0
1684,-350.0
1685,-375.0
1686,-330.0
1687,-365.0
1688,1.0
1689,54.0
1690,95.0
1691,-335.0
1692,49.0
1693,95.0
1694,64.0
1695,95.0
1696,95.0
1697,95.0
1698,-360.0
1699,37.0
1700,-1.0
1701,95.0
1702,14.0
1703,95.0
1704,-151.0
1705,-202.0
1706,-375.0
1707,95.0
1708,-156.0
1709,95.0
1710,83.0
1711,-380.0
1712,95.0
1713,76.0
1714,-370.0
1715,-178.0
1716,76.0
1717,95.0
1718,83.0
1719,-193.0
1720,1.0
1721,-34.0
1722,47.0
1723,83.0
1724,95.0
1725,-118.0
1726,83.0
1727,25.0
1728,95.0
1729,-375.0
1730,71.0
1731,95.0
1732,95.0
1733,-360.0
1734,95.0
1735,-229.0
1736,-164.0
1737,-101.0
1738,-385.0
1739,95.0
1740,95.0
1741,95.0
1742,95.0
1743,95.0
1744,95.0
1745,95.0
1746,95.0
1747,76.0
1748,95.0
1749,42.0
1750,95.0
1751,23.0
1752,64.0
1753,76.0
1754,95.0
1755,95.0
1756,57.0
1757,-370.0
1758,20.0
1759,95.0
1760,-340.0
1761,-12.0
1762,95.0
1763,-120.0
1764,95.0
1765,95.0
1766,64.0
1767,95.0
1768,95.0
1769,95.0
1770,95.0
1771,-62.0
1772,83.0
1773,-360.0
1774,95.0
1775,54.0
1776,95.0
1777,95.0
1778,8.0
1779,-380.0
1780,95.0
1781,95.0
1782,-355.0
1783,-183.0
1784,83.0
1785,-263.0
1786,95.0
1787,26.0
1788,38.0
1789,49.0
1790,95.0
1791,95.0
1792,-156.0
1793,-375.0
1794,-91.0
1795,95.0
1796,95.0
1797,-370.0
1798,-370.0
1799,95.0
1800,-330.0
1801,95.0
1802,95.0
1803,-360.0
1804,3.0
1805,95.0
1806,76.0
1807,95.0
1808,-187.0
1809,95.0
1810,83.0
1811,95.0
1812,2.0
1813,95.0
1814,-250.0
1815,-30.0
1816,95.0
1817,95.0
1818,95.0
1819,-243.0
1820,-360.0
1821,-365.0
1822,-355.0
1823,3.0
1824,95.0
1825,95.0
1826,-360.0
1827,-33.0
1828,-33.0
1829,-365.0
1830,-350.0
1831,95.0
1832,95.0
1833,-67.0
1834,-340.0
1835,95.0
1836,-360.0
1837,95.0
1838,83.0
1839,-355.0
1840,-55.0
1841,-219.0
1842,95.0
1843,-380.0
1844,83.0
1845,95.0
1846,95.0
1847,83.0
1848,20.0
1849,95.0
1850,95.0
1851,95.0
1852,76.0
1853,95.0
1854,64.0
1855,83.0
1856,45.0
1857,95.0
1858,95.0
1859,95.0
1860,95.0
1861,95.0
1862,-390.0
1863,95.0
1864,95.0
1865,-132.0
1866,95.0
1867,95.0
1868,95.0
1869,-365.0
1870,95.0
1871,-246.0
1872,95.0
1873,95.0
1874,-380.0
1875,95.0
1876,95.0
1877,-365.0
1878,95.0
1879,95.0
1880,-249.0
1881,95.0
1882,-51.0
1883,-128.0
1884,-375.0
1885,-375.0
1886,-395.0
1887,-172.0
1888,-96.0
1889,-380.0
1890,-360.0
1891,95.0
1892,-74.0
1893,-67.0
1894,95.0
1895,57.0
1896,95.0
1897,95.0
1898,1.0
1899,95.0
1900,-370.0
1901,83.0
1902,64.0
1903,-365.0
1904,95.0
1905,-122.0
1906,95.0
1907,95.0
1908,-365.0
1909,83.0
1910,-136.0
1911,49.0
1912,-93.0
1913,95.0
1914,95.0
1915,95.0
1916,-243.0
1917,95.0
1918,-380.0
1919,-375.0
1920,26.0
1921,95.0
1922,95.0
1923,95.0
1924,83.0
1925,95.0
1926,-169.0
1927,-375.0
1928,95.0
1929,95.0
1930,-82.0
1931,95.0
1932,-195.0
1933,95.0
1934,95.0
1935,95.0
1936,95.0
1937,-269.0
1938,95.0
1939,95.0
1940,-50.0
1941,95.0
1942,95.0
1943,-16.0
1944,95.0
1945,-38.0
1946,-355.0
1947,95.0
1948,26.0
1949,83.0
1950,83.0
1951,76.0
1952,95.0
1953,95.0
1954,95.0
1955,95.0
1956,95.0
1957,95.0
1958,95.0
1959,95.0
1960,-385.0
1961,95.0
1962,95.0
1963,30.0
1964,14.0
1965,-185.0
1966,-395.0
1967,95.0
1968,-385.0
1969,42.0
1970,57.0
1971,76.0
1972,-209.0
1973,95.0
1974,95.0
1975,-380.0
1976,95.0
1977,-380.0
1978,95.0
1979,-94.0
1980,11.0
1981,95.0
1982,95.0
1983,95.0
1984,95.0
1985,-395.0
1986,-365.0
1987,64.0
1988,83.0
1989,95.0
1990,95.0
1991,-375.0
1992,76.0
1993,-277.0
1994,-400.0
1995,-8.0
1996,95.0
1997,-380.0
1998,54.0
1999,95.0
2000,95.0
2001,-390.0
2002,-360.0
2003,95.0
2004,66.0
2005,95.0
2006,-370.0
2007,-360.0
2008,-370.0
2009,-74.0
2010,-370.0
2011,-375.0
2012,95.0
2013,95.0
2014,95.0
2015,95.0
2016,95.0
2017,-385.0
2018,-385.0
2019,0.0
2020,83.0
2021,-147.0
2022,95.0
2023,-140.0
2024,95.0
2025,-385.0
2026,66.0
2027,-4.0
2028,95.0
2029,-375.0
2030,95.0
2031,95.0
2032,95.0
2033,95.0
2034,95.0
2035,95.0
2036,-390.0
2037,95.0
2038,95.0
2039,-40.0
2040,95.0
2041,95.0
2042,95.0
2043,54.0
2044,95.0
2045,95.0
2046,95.0
2047,95.0
2048,-258.0
2049,95.0
2050,95.0
2051,83.0
2052,95.0
2053,-355.0
2054,64.0
2055,-370.0
2056,95.0
2057,-103.0
2058,95.0
2059,95.0
2060,95.0
2061,95.0
2062,-42.0
2063,95.0
2064,76.0
2065,66.0
2066,95.0
2067,95.0
2068,95.0
2069,-214.0
2070,83.0
2071,95.0
2072,-148.0
2073,76.0
2074,95.0
2075,95.0
2076,9.0
2077,-375.0
2078,95.0
2079,-375.0
2080,54.0
2081,-18.0
2082,95.0
2083,76.0
2084,95.0
2085,95.0
2086,95.0
2087,95.0
2088,-370.0
2089,-380.0
2090,95.0
2091,-38.0
2092,11.0
2093,-4.0
2094,-11.0
2095,95.0
2096,-375.0
2097,54.0
2098,95.0
2099,-365.0
2100,95.0
2101,83.0
2102,76.0
2103,95.0
2104,95.0
2105,95.0
2106,95.0
2107,95.0
2108,25.0
2109,-360.0
2110,95.0
2111,-365.0
2112,-21.0
2113,95.0
2114,-370.0
2115,66.0
2116,76.0
2117,37.0
2118,83.0
2119,95.0
2120,95.0
2121,-360.0
2122,-405.0
2123,95.0
2124,95.0
2125,95.0
2126,-127.0
2127,95.0
2128,-365.0
2129,76.0
2130,26.0
2131,95.0
2132,0.0
2133,-400.0
2134,95.0
2135,95.0
2136,-26.0
2137,95.0
2138,-365.0
2139,1.0
2140,47.0
2141,95.0
2142,95.0
2143,95.0
2144,-1.0
2145,-365.0
2146,-188.0
2147,-57.0
2148,-146.0
2149,95.0
2150,-370.0
2151,-84.0
2152,95.0
2153,95.0
2154,95.0
2155,95.0
2156,30.0
2157,83.0
2158,37.0
2159,-370.0
2160,-96.0
2161,95.0
2162,95.0
2163,95.0
2164,-125.0
2165,95.0
2166,95.0
2167,95.0
2168,-375.0
2169,95.0
2170,95.0
2171,95.0
2172,-365.0
2173,-360.0
2174,95.0
2175,-43.0
2176,-279.0
2177,95.0
2178,-370.0
2179,95.0
2180,95.0
2181,95.0
2182,95.0
2183,-52.0
2184,95.0
2185,83.0
2186,95.0
2187,95.0
2188,95.0
2189,95.0
2190,95.0
2191,-57.0
2192,95.0
2193,95.0
2194,95.0
2195,-395.0
2196,-146.0
2197,95.0
2198,32.0
2199,13.0
2200,95.0
2201,-360.0
2202,95.0
2203,95.0
2204,-103.0
2205,95.0
2206,95.0
2207,-108.0
2208,23.0
2209,95.0
2210,-173.0
2211,-127.0
2212,32.0
2213,76.0
2214,95.0
2215,59.0
2216,-370.0
2217,95.0
2218,11.0
2219,-88.0
2220,66.0
2221,-385.0
2222,-385.0
2223,-365.0
2224,-14.0
2225,20.0
2226,95.0
2227,95.0
2228,-350.0
2229,95.0
2230,95.0
2231,-41.0
2232,95.0
2233,95.0
2234,11.0
2235,95.0
2236,95.0
2237,-385.0
2238,-262.0
2239,25.0
2240,66.0
2241,-103.0
2242,95.0
2243,95.0
2244,-375.0
2245,-66.0
2246,95.0
2247,37.0
2248,95.0
2249,-360.0
2250,95.0
2251,-385.0
2252,-370.0
2253,95.0
2254,95.0
2255,95.0
2256,95.0
2257,95.0
2258,95.0
2259,95.0
2260,-375.0
2261,18.0
2262,-370.0
2263,-117.0
2264,-28.0
2265,95.0
2266,95.0
2267,-59.0
2268,32.0
2269,64.0
2270,95.0
2271,-370.0
2272,-365.0
2273,64.0
2274,-156.0
2275,-360.0
2276,18.0
2277,30.0
2278,-146.0
2279,95.0
2280,-355.0
2281,-355.0
2282,95.0
2283,95.0
2284,-365.0
2285,95.0
2286,-360.0
2287,42.0
2288,-370.0
2289,95.0
2290,95.0
2291,95.0
2292,95.0
2293,95.0
2294,-370.0
2295,95.0
2296,95.0
2297,-355.0
2298,95.0
2299,95.0
2300,95.0
2301,-370.0
2302,76.0
2303,-355.0
2304,-360.0
2305,95.0
2306,-365.0
2307,95.0
2308,-380.0
2309,-365.0
2310,83.0
2311,95.0
2312,95.0
2313,-62.0
2314,-110.0
2315,25.0
2316,-365.0
2317,-350.0
2318,47.0
2319,25.0
2320,-355.0
2321,-370.0
2322,95.0
2323,95.0
2324,95.0
2325,25.0
2326,95.0
2327,95.0
2328,95.0
2329,95.0
2330,-11.0
2331,95.0
2332,95.0
2333,95.0
2334,95.0
2335,83.0
2336,83.0
2337,95.0
2338,-360.0
2339,-365.0
2340,-28.0
2341,95.0
2342,95.0
2343,95.0
2344,-79.0
2345,95.0
2346,95.0
2347,95.0
2348,95.0
2349,-380.0
2350,-365.0
2351,-370.0
2352,-127.0
2353,95.0
2354,95.0
2355,95.0
2356,95.0
2357,83.0
2358,95.0
2359,-33.0
2360,95.0
2361,-365.0
2362,30.0
2363,64.0
2364,95.0
2365,95.0
2366,95.0
2367,95.0
2368,95.0
2369,6.0
2370,95.0
2371,-360.0
2372,95.0
2373,66.0
2374,-365.0
2375,-217.0
2376,-248.0
2377,-226.0
2378,54.0
2379,-370.0
2380,54.0
2381,95.0
2382,83.0
2383,-360.0
2384,95.0
2385,95.0
2386,95.0
2387,95.0
2388,-365.0
2389,95.0
2390,95.0
2391,95.0
2392,95.0
2393,95.0
2394,95.0
2395,95.0
2396,-86.0
2397,95.0
2398,76.0
2399,95.0
2400,13.0
2401,-350.0
2402,95.0
2403,-350.0
2404,-350.0
2405,95.0
2406,95.0
2407,-16.0
2408,25.0
2409,95.0
2410,-370.0
2411,-110.0
2412,-360.0
2413,1.0
2414,95.0
2415,95.0
2416,95.0
2417,95.0
2418,95.0
2419,95.0
2420,95.0
2421,95.0
2422,-21.0
2423,95.0
2424,-219.0
2425,95.0
2426,-370.0
2427,95.0
2428,95.0
2429,37.0
2430,95.0
2431,95.0
2432,95.0
2433,54.0
2434,95.0
2435,95.0
2436,-355.0
2437,-132.0
2438,-370.0
2439,95.0
2440,95.0
2441,95.0
2442,95.0
2443,37.0
2444,95.0
2445,95.0
2446,-360.0
2447,95.0
2448,95.0
2449,95.0
2450,95.0
2451,95.0
2452,95.0
2453,95.0
2454,95.0
2455,95.0
2456,-8.0
2457,95.0
2458,95.0
2459,-231.0
2460,-355.0
2461,95.0
2462,-370.0
2463,95.0
2464,-350.0
2465,66.0
2466,95.0
2467,-350.0
2468,95.0
2469,-355.0
2470,-350.0
2471,95.0
2472,-360.0
2473,95.0
2474,95.0
2475,95.0
2476,95.0
2477,95.0
2478,-360.0
2479,-98.0
2480,-360.0
2481,-40.0
2482,-365.0
2483,95.0
2484,95.0
2485,-355.0
2486,95.0
2487,95.0
2488,95.0
2489,95.0
2490,-76.0
2491,54.0
2492,-30.0
2493,95.0
2494,37.0
2495,-365.0
2496,-360.0
2497,95.0
2498,95.0
2499,95.0
2500,18.0
2501,-345.0
2502,-360.0
2503,-380.0
2504,-370.0
2505,95.0
2506,95.0
2507,95.0
2508,95.0
2509,-360.0
2510,-127.0
2511,95.0
2512,95.0
2513,95.0
2514,95.0
2515,95.0
2516,66.0
2517,95.0
2518,95.0
2519,95.0
2520,-355.0
2521,66.0
2522,95.0
2523,95.0
2524,-355.0
2525,95.0
2526,-350.0
2527,95.0
2528,95.0
2529,13.0
2530,95.0
2531,64.0
2532,95.0
2533,57.0
2534,95.0
2535,95.0
2536,8.0
2537,-360.0
2538,20.0
2539,95.0
2540,-375.0
2541,8.0
2542,95.0
2543,-350.0
2544,-355.0
2545,-355.0
2546,-18.0
2547,95.0
2548,-335.0
2549,95.0
2550,95.0
2551,95.0
2552,95.0
2553,95.0
2554,95.0
2555,95.0
2556,64.0
2557,30.0
2558,95.0
2559,-365.0
2560,95.0
2561,95.0
2562,-355.0
2563,-64.0
2564,95.0
2565,95.0
2566,95.0
2567,95.0
2568,-365.0
2569,-360.0
2570,95.0
2571,95.0
2572,95.0
2573,-375.0
2574,95.0
2575,95.0
2576,95.0
2577,95.0
2578,-212.0
2579,95.0
2580,-245.0
2581,47.0
2582,76.0
2583,95.0
2584,95.0
2585,-365.0
2586,95.0
2587,95.0
2588,-127.0
2589,95.0
2590,95.0
2591,95.0
2592,18.0
2593,-370.0
2594,95.0
2595,-360.0
2596,37.0
2597,95.0
2598,95.0
2599,95.0
2600,-164.0
2601,83.0
2602,95.0
2603,95.0
2604,95.0
2605,95.0
2606,95.0
2607,-365.0
2608,-360.0
2609,95.0
2610,95.0
2611,-350.0
2612,95.0
2613,95.0
2614,76.0
2615,95.0
2616,95.0
2617,-350.0
2618,95.0
2619,76.0
2620,95.0
2621,-355.0
2622,-360.0
2623,95.0
2624,95.0
2625,-29.0
2626,-345.0
2627,95.0
2628,-360.0
2629,49.0
2630,95.0
2631,-355.0
2632,95.0
2633,54.0
2634,-360.0
2635,35.0
2636,54.0
2637,-176.0
2638,-385.0
2639,83.0
2640,95.0
2641,-360.0
2642,95.0
2643,95.0
2644,49.0
2645,-375.0
2646,95.0
2647,95.0
2648,-375.0
2649,95.0
2650,95.0
2651,-365.0
2652,95.0
2653,95.0
2654,95.0
2655,47.0
2656,-365.0
2657,95.0
2658,83.0
2659,95.0
2660,95.0
2661,-365.0
2662,-79.0
2663,95.0
2664,95.0
2665,95.0
2666,95.0
2667,-239.0
2668,95.0
2669,95.0
2670,95.0
2671,95.0
2672,95.0
2673,-168.0
2674,95.0
2675,26.0
2676,95.0
2677,-385.0
2678,95.0
2679,-360.0
2680,95.0
2681,95.0
2682,54.0
2683,47.0
2684,95.0
2685,95.0
2686,95.0
2687,-136.0
2688,95.0
2689,95.0
2690,54.0
2691,-365.0
2692,95.0
2693,54.0
2694,95.0
2695,49.0
2696,6.0
2697,95.0
2698,95.0
2699,95.0
2700,95.0
2701,95.0
2702,95.0
2703,95.0
2704,-345.0
2705,-370.0
2706,76.0
2707,95.0
2708,18.0
2709,54.0
2710,95.0
2711,95.0
2712,95.0
2713,30.0
2714,95.0
2715,76.0
2716,95.0
2717,-234.0
2718,76.0
2719,95.0
2720,-330.0
2721,-340.0
2722,95.0
2723,-355.0
2724,95.0
2725,95.0
2726,52.0
2727,-350.0
2728,-76.0
2729,95.0
2730,95.0
2731,42.0
2732,95.0
2733,95.0
2734,95.0
2735,95.0
2736,95.0
2737,54.0
2738,95.0
2739,95.0
2740,95.0
2741,95.0
2742,-340.0
2743,95.0
2744,95.0
2745,-4.0
2746,95.0
2747,-33.0
2748,95.0
2749,95.0
2750,-81.0
2751,95.0
2752,-345.0
2753,-355.0
2754,95.0
2755,83.0
2756,-103.0
2757,95.0
2758,76.0
2759,95.0
2760,95.0
2761,95.0
2762,-385.0
2763,95.0
2764,95.0
2765,-380.0
2766,95.0
2767,-340.0
2768,-370.0
2769,-49.0
2770,95.0
2771,95.0
2772,95.0
2773,95.0
2774,95.0
2775,95.0
2776,95.0
2777,95.0
2778,95.0
2779,95.0
2780,-350.0
2781,-160.0
2782,-355.0
2783,83.0
2784,95.0
2785,-330.0
2786,-355.0
2787,-325.0
2788,32.0
2789,95.0
2790,95.0
2791,95.0
2792,76.0
2793,95.0
2794,76.0
2795,95.0
2796,95.0
2797,95.0
2798,-360.0
2799,95.0
2800,95.0
2801,-380.0
2802,95.0
2803,95.0
2804,95.0
2805,95.0
2806,95.0
2807,-370.0
2808,-335.0
2809,95.0
2810,95.0
2811,-95.0
2812,95.0
2813,95.0
2814,-370.0
2815,76.0
2816,95.0
2817,-385.0
2818,95.0
2819,95.0
2820,76.0
2821,95.0
2822,-380.0
2823,76.0
2824,-193.0
2825,18.0
2826,95.0
2827,95.0
2828,57.0
2829,-35.0
2830,95.0
2831,95.0
2832,11.0
2833,-335.0
2834,-330.0
2835,95.0
2836,95.0
2837,95.0
2838,95.0
2839,95.0
2840,76.0
2841,95.0
2842,-375.0
2843,95.0
2844,95.0
2845,95.0
2846,-45.0
2847,95.0
2848,95.0
2849,95.0
2850,95.0
2851,95.0
2852,95.0
2853,-375.0
2854,-365.0
2855,-330.0
2856,-345.0
2857,95.0
2858,95.0
2859,95.0
2860,95.0
2861,95.0
2862,-325.0
2863,-330.0
2864,-325.0
2865,95.0
2866,95.0
2867,-315.0
2868,95.0
2869,95.0
2870,95.0
2871,95.0
2872,95.0
2873,95.0
2874,76.0
2875,-310.0
2876,76.0
2877,95.0
2878,40.0
2879,-320.0
2880,95.0
2881,95.0
2882,-73.0
2883,-315.0
2884,95.0
2885,95.0
2886,95.0
2887,76.0
2888,95.0
2889,95.0
2890,76.0
2891,95.0
2892,-45.0
2893,95.0
2894,64.0
2895,64.0
2896,95.0
2897,66.0
2898,-39.0
2899,95.0
2900,76.0
2901,95.0
2902,95.0
2903,19.0
2904,95.0
2905,95.0
2906,-375.0
2907,32.0
2908,95.0
2909,-40.0
2910,95.0
2911,95.0
2912,57.0
2913,49.0
2914,95.0
2915,95.0
2916,-385.0
2917,76.0
2918,95.0
2919,95.0
2920,-43.0
2921,30.0
2922,95.0
2923,95.0
2924,66.0
2925,66.0
2926,95.0
2927,95.0
2928,95.0
2929,76.0
2930,95.0
2931,49.0
2932,76.0
2933,95.0
2934,83.0
2935,-45.0
2936,95.0
2937,83.0
2938,66.0
2939,-249.0
2940,95.0
2941,95.0
2942,71.0
2943,95.0
2944,95.0
2945,95.0
2946,83.0
2947,95.0
2948,83.0
2949,-355.0
2950,95.0
2951,95.0
2952,95.0
2953,95.0
2954,-385.0
2955,-385.0
2956,-380.0
2957,95.0
2958,95.0
2959,95.0
2960,-385.0
2961,95.0
2962,30.0
2963,-72.0
2964,95.0
2965,95.0
2966,95.0
2967,95.0
2968,-101.0
2969,26.0
2970,38.0
2971,95.0
2972,49.0
2973,-45.0
2974,95.0
2975,95.0
2976,-390.0
2977,95.0
2978,54.0
2979,95.0
2980,95.0
2981,57.0
2982,95.0
2983,95.0
2984,-405.0
2985,95.0
2986,95.0
2987,-390.0
2988,95.0
2989,95.0
2990,95.0
2991,95.0
2992,95.0
2993,95.0
2994,95.0
2995,64.0
2996,-385.0
2997,-144.0
2998,30.0
2999,95.0
3000,76.0
3001,95.0
3002,95.0
3003,52.0
3004,95.0
3005,38.0
3006,-20.0
3007,-62.0
3008,95.0
3009,-395.0
3010,76.0
3011,95.0
3012,95.0
3013,76.0
3014,8.0
3015,95.0
3016,95.0
3017,-62.0
3018,95.0
3019,-400.0
3020,30.0
3021,26.0
3022,-390.0
3023,95.0
3024,64.0
3025,19.0
3026,95.0
3027,95.0
3028,95.0
3029,-375.0
3030,95.0
3031,95.0
3032,95.0
3033,-161.0
3034,95.0
3035,-13.0
3036,95.0
3037,95.0
3038,76.0
3039,-210.0
3040,-11.0
3041,64.0
3042,-375.0
3043,8.0
3044,95.0
3045,-18.0
3046,95.0
3047,42.0
3048,76.0
3049,95.0
3050,95.0
3051,76.0
3052,95.0
3053,95.0
3054,95.0
3055,95.0
3056,95.0
3057,76.0
3058,16.0
3059,-110.0
3060,-380.0
3061,95.0
3062,95.0
3063,95.0
3064,95.0
3065,83.0
3066,-380.0
3067,95.0
3068,66.0
3069,95.0
3070,76.0
3071,95.0
3072,71.0
3073,95.0
3074,95.0
3075,95.0
3076,95.0
3077,95.0
3078,95.0
3079,95.0
3080,30.0
3081,14.0
3082,-410.0
3083,-385.0
3084,-390.0
3085,95.0
3086,95.0
3087,-390.0
3088,-256.0
3089,95.0
3090,95.0
3091,95.0
3092,95.0
3093,95.0
3094,49.0
3095,95.0
3096,95.0
3097,-385.0
3098,95.0
3099,1.0
3100,-57.0
3101,95.0
3102,95.0
3103,95.0
3104,95.0
3105,95.0
3106,95.0
3107,95.0
3108,-375.0
3109,71.0
3110,-380.0
3111,95.0
3112,95.0
3113,76.0
3114,95.0
3115,95.0
3116,1.0
3117,95.0
3118,95.0
3119,-385.0
3120,-62.0
3121,95.0
3122,-335.0
3123,95.0
3124,95.0
3125,-9.0
3126,95.0
3127,95.0
3128,95.0
3129,95.0
3130,-370.0
3131,95.0
3132,83.0
3133,-50.0
3134,95.0
3135,-370.0
3136,95.0
3137,95.0
3138,95.0
3139,71.0
3140,71.0
3141,6.0
3142,71.0
3143,95.0
3144,83.0
3145,83.0
3146,71.0
3147,95.0
3148,95.0
3149,95.0
3150,30.0
3151,71.0
3152,-370.0
3153,-28.0
3154,-340.0
3155,95.0
3156,95.0
3157,54.0
3158,95.0
3159,71.0
3160,-330.0
3161,49.0
3162,-330.0
3163,-315.0
3164,83.0
3165,-335.0
3166,95.0
3167,95.0
3168,95.0
3169,95.0
3170,95.0
3171,95.0
3172,95.0
3173,83.0
3174,95.0
3175,95.0
3176,64.0
3177,95.0
3178,95.0
3179,95.0
3180,-330.0
3181,71.0
3182,66.0
3183,83.0
3184,95.0
3185,95.0
3186,-330.0
3187,95.0
3188,95.0
3189,95.0
3190,95.0
3191,95.0
3192,71.0
3193,-315.0
3194,95.0
3195,-305.0
3196,11.0
3197,95.0
3198,95.0
3199,95.0
3200,-330.0
3201,52.0
3202,95.0
3203,95.0
3204,95.0
3205,71.0
3206,95.0
3207,95.0
3208,38.0
3209,95.0
3210,95.0
3211,95.0
3212,95.0
3213,-310.0
3214,66.0
3215,-310.0
3216,95.0
3217,95.0
3218,-315.0
3219,54.0
3220,95.0
3221,95.0
3222,71.0
3223,95.0
3224,76.0
3225,52.0
3226,95.0
3227,95.0
3228,76.0
3229,95.0
3230,95.0
3231,95.0
3232,95.0
3233,-320.0
3234,66.0
3235,95.0
3236,71.0
3237,95.0
3238,95.0
3239,-300.0
3240,95.0
3241,-320.0
3242,35.0
3243,83.0
3244,95.0
3245,95.0
3246,95.0
3247,95.0
3248,71.0
3249,95.0
3250,95.0
3251,83.0
3252,-310.0
3253,95.0
3254,76.0
3255,95.0
3256,-315.0
3257,95.0
3258,95.0
3259,95.0
3260,76.0
3261,52.0
3262,95.0
3263,83.0
3264,95.0
3265,83.0
3266,37.0
3267,95.0
3268,71.0
3269,83.0
3270,95.0
3271,95.0
3272,95.0
3273,95.0
3274,95.0
3275,54.0
3276,95.0
3277,95.0
3278,-300.0
3279,95.0
3280,95.0
3281,95.0
3282,95.0
3283,95.0
3284,18.0
3285,95.0
3286,95.0
3287,95.0
3288,83.0
3289,71.0
3290,59.0
3291,25.0
3292,95.0
3293,95.0
3294,66.0
3295,54.0
3296,95.0
3297,71.0
3298,95.0
3299,95.0
3300,-315.0
3301,83.0
3302,95.0
3303,95.0
3304,95.0
3305,-310.0
3306,52.0
3307,83.0
3308,95.0
3309,42.0
3310,95.0
3311,52.0
3312,52.0
3313,-310.0
3314,71.0
3315,83.0
3316,95.0
3317,-23.0
3318,95.0
3319,95.0
3320,-310.0
3321,95.0
3322,95.0
3323,-305.0
3324,95.0
3325,71.0
3326,95.0
3327,95.0
3328,95.0
3329,71.0
3330,95.0
3331,95.0
3332,95.0
3333,95.0
3334,95.0
3335,95.0
3336,83.0
3337,95.0
3338,71.0
3339,-310.0
3340,-310.0
3341,95.0
3342,76.0
3343,95.0
3344,-52.0
3345,95.0
3346,59.0
3347,-315.0
3348,76.0
3349,-315.0
3350,59.0
3351,95.0
3352,95.0
3353,95.0
3354,71.0
3355,57.0
3356,-375.0
3357,83.0
3358,-335.0
3359,95.0
3360,54.0
3361,76.0
3362,95.0
3363,-390.0
3364,95.0
3365,95.0
3366,64.0
3367,95.0
3368,26.0
3369,-395.0
3370,66.0
3371,95.0
3372,19.0
3373,95.0
3374,95.0
3375,83.0
3376,83.0
3377,95.0
3378,95.0
3379,95.0
3380,95.0
3381,95.0
3382,95.0
3383,-340.0
3384,-335.0
3385,71.0
3386,71.0
3387,95.0
3388,95.0
3389,95.0
3390,59.0
3391,54.0
3392,83.0
3393,95.0
3394,-180.0
3395,95.0
3396,95.0
3397,52.0
3398,95.0
3399,95.0
3400,76.0
3401,95.0
3402,83.0
3403,33.0
3404,95.0
3405,95.0
3406,76.0
3407,95.0
3408,95.0
3409,95.0
3410,95.0
3411,95.0
3412,52.0
3413,71.0
3414,71.0
3415,95.0
3416,95.0
3417,-390.0
3418,71.0
3419,59.0
3420,95.0
3421,95.0
3422,95.0
3423,13.0
3424,52.0
3425,95.0
3426,95.0
3427,95.0
3428,64.0
3429,59.0
3430,95.0
3431,95.0
3432,95.0
3433,95.0
3434,-385.0
3435,95.0
3436,95.0
3437,95.0
3438,83.0
3439,95.0
3440,-395.0
3441,-355.0
3442,95.0
3443,95.0
3444,52.0
3445,42.0
3446,-350.0
3447,95.0
3448,95.0
3449,95.0
3450,95.0
3451,95.0
3452,95.0
3453,95.0
3454,95.0
3455,95.0
3456,95.0
3457,95.0
3458,-325.0
3459,-330.0
3460,95.0
3461,95.0
3462,-310.0
3463,95.0
3464,95.0
3465,95.0
3466,83.0
3467,95.0
3468,95.0
3469,95.0
3470,66.0
3471,52.0
3472,95.0
3473,71.0
3474,95.0
3475,64.0
3476,95.0
3477,59.0
3478,-310.0
3479,95.0
3480,71.0
3481,95.0
3482,95.0
3483,95.0
3484,95.0
3485,95.0
3486,95.0
3487,95.0
3488,25.0
3489,95.0
3490,71.0
3491,95.0
3492,95.0
3493,-310.0
3494,-305.0
3495,-300.0
3496,83.0
3497,95.0
3498,95.0
3499,-310.0
3500,-325.0
3501,83.0
3502,95.0
3503,95.0
3504,59.0
3505,95.0
3506,95.0
3507,95.0
3508,-315.0
3509,95.0
3510,95.0
3511,95.0
3512,59.0
3513,95.0
3514,37.0
3515,59.0
3516,95.0
3517,95.0
3518,83.0
3519,-310.0
3520,-330.0
3521,95.0
3522,-310.0
3523,57.0
3524,83.0
3525,95.0
3526,-305.0
3527,95.0
3528,-305.0
3529,71.0
3530,-300.0
3531,-18.0
3532,83.0
3533,71.0
3534,95.0
3535,76.0
3536,95.0
3537,95.0
3538,95.0
3539,95.0
3540,76.0
3541,95.0
3542,95.0
3543,71.0
3544,76.0
3545,71.0
3546,95.0
3547,-310.0
3548,95.0
3549,95.0
3550,83.0
3551,49.0
3552,95.0
3553,95.0
3554,95.0
3555,95.0
3556,83.0
3557,95.0
3558,-315.0
3559,71.0
3560,83.0
3561,95.0
3562,95.0
3563,95.0
3564,95.0
3565,-305.0
3566,95.0
3567,83.0
3568,59.0
3569,95.0
3570,37.0
3571,95.0
3572,95.0
3573,95.0
3574,95.0
3575,95.0
3576,95.0
3577,83.0
3578,95.0
3579,95.0
3580,-315.0
3581,71.0
3582,71.0
3583,83.0
3584,95.0
3585,95.0
3586,-310.0
3587,95.0
3588,95.0
3589,95.0
3590,95.0
3591,95.0
3592,95.0
3593,95.0
3594,57.0
3595,-315.0
3596,95.0
3597,42.0
3598,71.0
3599,-300.0
3600,95.0
3601,95.0
3602,95.0
3603,95.0
3604,83.0
3605,95.0
3606,95.0
3607,71.0
3608,95.0
3609,95.0
3610,83.0
3611,95.0
3612,95.0
3613,76.0
3614,-340.0
3615,52.0
3616,95.0
3617,83.0
3618,13.0
3619,76.0
3620,95.0
3621,-11.0
3622,95.0
3623,95.0
3624,95.0
3625,52.0
3626,-305.0
3627,95.0
3628,95.0
3629,-305.0
3630,71.0
3631,54.0
3632,83.0
3633,-300.0
3634,59.0
3635,-325.0
3636,83.0
3637,95.0
3638,95.0
3639,-305.0
3640,-191.0
3641,54.0
3642,52.0
3643,95.0
3644,54.0
3645,95.0
3646,-28.0
3647,-6.0
3648,59.0
3649,95.0
3650,95.0
3651,95.0
3652,95.0
3653,71.0
3654,52.0
3655,71.0
3656,-325.0
3657,95.0
3658,95.0
3659,95.0
3660,95.0
3661,95.0
3662,8.0
3663,95.0
3664,66.0
3665,83.0
3666,95.0
3667,76.0
3668,95.0
3669,95.0
3670,-310.0
3671,-335.0
3672,95.0
3673,95.0
3674,95.0
3675,-231.0
3676,52.0
3677,-320.0
3678,95.0
3679,-50.0
3680,95.0
3681,83.0
3682,95.0
3683,95.0
3684,95.0
3685,95.0
3686,59.0
3687,95.0
3688,95.0
3689,95.0
3690,95.0
3691,95.0
3692,71.0
3693,52.0
3694,95.0
3695,95.0
3696,-38.0
3697,52.0
3698,95.0
3699,95.0
3700,95.0
3701,95.0
3702,37.0
3703,52.0
3704,95.0
3705,95.0
3706,95.0
3707,95.0
3708,76.0
3709,71.0
3710,-310.0
3711,83.0
3712,95.0
3713,95.0
3714,-315.0
3715,95.0
3716,95.0
3717,83.0
3718,83.0
3719,54.0
3720,71.0
3721,-305.0
3722,95.0
3723,-310.0
3724,95.0
3725,95.0
3726,95.0
3727,95.0
3728,-320.0
3729,95.0
3730,71.0
3731,95.0
3732,38.0
3733,59.0
3734,95.0
3735,83.0
3736,95.0
3737,83.0
3738,95.0
3739,76.0
3740,95.0
3741,-325.0
3742,83.0
3743,83.0
3744,71.0
3745,-146.0
3746,71.0
3747,13.0
3748,95.0
3749,95.0
3750,95.0
3751,83.0
3752,95.0
3753,83.0
3754,95.0
3755,95.0
3756,54.0
3757,95.0
3758,95.0
3759,95.0
3760,95.0
3761,95.0
3762,95.0
3763,66.0
3764,64.0
3765,95.0
3766,95.0
3767,95.0
3768,95.0
3769,95.0
3770,95.0
3771,-310.0
3772,-310.0
3773,95.0
3774,95.0
3775,95.0
3776,-320.0
3777,57.0
3778,95.0
3779,71.0
3780,71.0
3781,95.0
3782,95.0
3783,-300.0
3784,95.0
3785,95.0
3786,95.0
3787,-305.0
3788,95.0
3789,-181.0
3790,-13.0
3791,-330.0
3792,95.0
3793,-305.0
3794,95.0
3795,95.0
3796,95.0
3797,95.0
3798,95.0
3799,95.0
3800,95.0
3801,95.0
3802,83.0
3803,95.0
3804,95.0
3805,71.0
3806,71.0
3807,83.0
3808,95.0
3809,95.0
3810,95.0
3811,-310.0
3812,-320.0
3813,95.0
3814,95.0
3815,95.0
3816,-173.0
3817,95.0
3818,95.0
3819,-345.0
3820,95.0
3821,95.0
3822,95.0
3823,-76.0
3824,95.0
3825,95.0
3826,-315.0
3827,95.0
3828,-14.0
3829,-345.0
3830,95.0
3831,83.0
3832,95.0
3833,95.0
3834,-320.0
3835,95.0
3836,64.0
3837,83.0
3838,95.0
3839,95.0
3840,-18.0
3841,95.0
3842,95.0
3843,38.0
3844,95.0
3845,95.0
3846,95.0
3847,71.0
3848,95.0
3849,83.0
3850,-19.0
3851,71.0
3852,95.0
3853,95.0
3854,-315.0
3855,-305.0
3856,71.0
3857,-305.0
3858,45.0
3859,49.0
3860,52.0
3861,95.0
3862,76.0
3863,95.0
3864,95.0
3865,95.0
3866,71.0
3867,95.0
3868,95.0
3869,95.0
3870,83.0
3871,71.0
3872,71.0
3873,95.0
3874,95.0
3875,-345.0
3876,-28.0
3877,71.0
3878,-47.0
3879,95.0
3880,95.0
3881,18.0
3882,95.0
3883,71.0
3884,-325.0
3885,95.0
3886,95.0
3887,71.0
3888,95.0
3889,71.0
3890,83.0
3891,95.0
3892,83.0
3893,52.0
3894,95.0
3895,95.0
3896,95.0
3897,95.0
3898,95.0
3899,49.0
3900,95.0
3901,95.0
3902,95.0
3903,71.0
3904,95.0
3905,95.0
3906,95.0
3907,-11.0
3908,-305.0
3909,95.0
3910,95.0
3911,95.0
3912,95.0
3913,71.0
3914,95.0
3915,76.0
3916,95.0
3917,-315.0
3918,95.0
3919,76.0
3920,64.0
3921,95.0
3922,95.0
3923,95.0
3924,18.0
3925,-340.0
3926,19.0
3927,71.0
3928,95.0
3929,95.0
3930,95.0
3931,95.0
3932,-93.0
3933,95.0
3934,95.0
3935,95.0
3936,95.0
3937,28.0
3938,95.0
3939,95.0
3940,95.0
3941,83.0
3942,-147.0
3943,95.0
3944,95.0
3945,95.0
3946,-33.0
3947,25.0
3948,-207.0
3949,-221.0
3950,37.0
3951,95.0
3952,71.0
3953,-11.0
3954,95.0
3955,95.0
3956,95.0
3957,95.0
3958,95.0
3959,71.0
3960,83.0
3961,95.0
3962,52.0
3963,18.0
3964,95.0
3965,-26.0
3966,8.0
3967,71.0
3968,95.0
3969,71.0
3970,95.0
3971,76.0
3972,95.0
3973,71.0
3974,71.0
3975,95.0
3976,83.0
3977,52.0
3978,95.0
3979,-30.0
3980,76.0
3981,71.0
3982,95.0
3983,-133.0
3984,95.0
3985,83.0
3986,95.0
3987,95.0
3988,95.0
3989,6.0
3990,95.0
3991,95.0
3992,95.0
3993,37.0
3994,71.0
3995,95.0
3996,76.0
3997,95.0
3998,95.0
3999,95.0
4000,95.0
4001,95.0
4002,71.0
4003,95.0
4004,83.0
4005,95.0
4006,-202.0
4007,95.0
4008,95.0
4009,83.0
4010,95.0
4011,95.0
4012,52.0
4013,95.0
4014,95.0
4015,95.0
4016,95.0
4017,95.0
4018,95.0
4019,40.0
4020,95.0
4021,95.0
4022,95.0
4023,71.0
4024,42.0
4025,71.0
4026,95.0
4027,95.0
4028,95.0
4029,14.0
4030,54.0
4031,95.0
4032,76.0
4033,37.0
4034,95.0
4035,95.0
4036,95.0
4037,71.0
4038,83.0
4039,95.0
4040,83.0
4041,52.0
4042,83.0
4043,95.0
4044,95.0
4045,83.0
4046,-4.0
4047,95.0
4048,95.0
4049,18.0
4050,66.0
4051,95.0
4052,95.0
4053,32.0
4054,95.0
4055,95.0
4056,95.0
4057,95.0
4058,-40.0
4059,95.0
4060,95.0
4061,95.0
4062,95.0
4063,95.0
4064,1.0
4065,95.0
4066,71.0
4067,95.0
4068,71.0
4069,49.0
4070,95.0
4071,95.0
4072,71.0
4073,95.0
4074,52.0
4075,95.0
4076,95.0
4077,95.0
4078,64.0
4079,13.0
4080,95.0
4081,47.0
4082,76.0
4083,95.0
4084,95.0
4085,71.0
4086,95.0
4087,95.0
4088,95.0
4089,-16.0
4090,95.0
4091,54.0
4092,95.0
4093,95.0
4094,52.0
4095,71.0
4096,71.0
4097,49.0
4098,95.0
4099,42.0
4100,95.0
4101,95.0
4102,95.0
4103,95.0
4104,95.0
4105,30.0
4106,95.0
4107,49.0
4108,95.0
4109,76.0
4110,37.0
4111,25.0
4112,71.0
4113,95.0
4114,95.0
4115,26.0
4116,95.0
4117,49.0
4118,47.0
4119,95.0
4120,26.0
4121,95.0
4122,71.0
4123,95.0
4124,95.0
4125,95.0
4126,95.0
4127,95.0
4128,95.0
4129,59.0
4130,83.0
4131,71.0
4132,95.0
4133,95.0
4134,64.0
4135,95.0
4136,30.0
4137,95.0
4138,83.0
4139,95.0
4140,95.0
4141,64.0
4142,83.0
4143,95.0
4144,59.0
4145,95.0
4146,95.0
4147,95.0
4148,95.0
4149,95.0
4150,37.0
4151,95.0
4152,95.0
4153,64.0
4154,76.0
4155,16.0
4156,45.0
4157,59.0
4158,95.0
4159,95.0
4160,64.0
4161,95.0
4162,95.0
4163,71.0
4164,37.0
4165,95.0
4166,95.0
4167,95.0
4168,95.0
4169,52.0
4170,95.0
4171,83.0
4172,57.0
4173,95.0
4174,76.0
4175,59.0
4176,95.0
4177,95.0
4178,95.0
4179,95.0
4180,95.0
4181,-14.0
4182,35.0
4183,54.0
4184,95.0
4185,95.0
4186,95.0
4187,64.0
4188,95.0
4189,95.0
4190,95.0
4191,-67.0
4192,-38.0
4193,64.0
4194,83.0
4195,95.0
4196,71.0
4197,95.0
4198,95.0
4199,95.0
4200,71.0
4201,52.0
4202,95.0
4203,95.0
4204,37.0
4205,95.0
4206,83.0
4207,95.0
4208,95.0
4209,95.0
4210,95.0
4211,83.0
4212,40.0
4213,95.0
4214,95.0
4215,37.0
4216,64.0
4217,95.0
4218,95.0
4219,95.0
4220,40.0
4221,71.0
4222,95.0
4223,95.0
4224,95.0
4225,71.0
4226,83.0
4227,52.0
4228,95.0
4229,95.0
4230,71.0
4231,95.0
4232,95.0
4233,71.0
4234,95.0
4235,42.0
4236,95.0
4237,37.0
4238,83.0
4239,83.0
4240,64.0
4241,95.0
4242,95.0
4243,20.0
4244,95.0
4245,95.0
4246,95.0
4247,95.0
4248,95.0
4249,83.0
4250,95.0
4251,95.0
4252,83.0
4253,95.0
4254,54.0
4255,95.0
4256,35.0
4257,95.0
4258,95.0
4259,64.0
4260,71.0
4261,71.0
4262,-345.0
4263,95.0
4264,95.0
4265,95.0
4266,37.0
4267,95.0
4268,-360.0
4269,37.0
4270,83.0
4271,95.0
4272,42.0
4273,64.0
4274,71.0
4275,83.0
4276,95.0
4277,95.0
4278,71.0
4279,95.0
4280,95.0
4281,49.0
4282,71.0
4283,95.0
4284,37.0
4285,83.0
4286,95.0
4287,95.0
4288,95.0
4289,71.0
4290,-350.0
4291,64.0
4292,71.0
4293,95.0
4294,71.0
4295,95.0
4296,95.0
4297,49.0
4298,49.0
4299,95.0
4300,76.0
4301,95.0
4302,95.0
4303,83.0
4304,95.0
4305,95.0
4306,95.0
4307,95.0
4308,95.0
4309,95.0
4310,76.0
4311,83.0
4312,83.0
4313,3.0
4314,3.0
4315,95.0
4316,95.0
4317,95.0
4318,83.0
4319,49.0
4320,95.0
4321,64.0
4322,71.0
4323,-76.0
4324,71.0
4325,42.0
4326,-25.0
4327,35.0
4328,95.0
4329,83.0
4330,95.0
4331,71.0
4332,64.0
4333,95.0
4334,76.0
4335,95.0
4336,95.0
4337,49.0
4338,71.0
4339,95.0
4340,95.0
4341,71.0
4342,76.0
4343,83.0
4344,95.0
4345,6.0
4346,95.0
4347,-146.0
4348,83.0
4349,76.0
4350,66.0
4351,64.0
4352,64.0
4353,83.0
4354,71.0
4355,6.0
4356,95.0
4357,95.0
4358,64.0
4359,59.0
4360,83.0
4361,95.0
4362,95.0
4363,95.0
4364,95.0
4365,95.0
4366,66.0
4367,95.0
4368,95.0
4369,95.0
4370,95.0
4371,95.0
4372,95.0
4373,37.0
4374,30.0
4375,42.0
4376,76.0
4377,95.0
4378,95.0
4379,95.0
4380,95.0
4381,95.0
4382,95.0
4383,95.0
4384,76.0
4385,83.0
4386,95.0
4387,42.0
4388,95.0
4389,95.0
4390,95.0
4391,95.0
4392,95.0
4393,66.0
4394,95.0
4395,95.0
4396,76.0
4397,95.0
4398,95.0
4399,95.0
4400,95.0
4401,71.0
4402,95.0
4403,49.0
4404,37.0
4405,95.0
4406,64.0
4407,95.0
4408,95.0
4409,95.0
4410,71.0
4411,95.0
4412,95.0
4413,64.0
4414,95.0
4415,83.0
4416,95.0
4417,95.0
4418,64.0
4419,1.0
4420,95.0
4421,71.0
4422,95.0
4423,64.0
4424,95.0
4425,64.0
4426,95.0
4427,95.0
4428,95.0
4429,18.0
4430,95.0
4431,95.0
4432,95.0
4433,95.0
4434,83.0
4435,95.0
4436,95.0
4437,95.0
4438,95.0
4439,76.0
4440,71.0
4441,52.0
4442,83.0
4443,95.0
4444,95.0
4445,95.0
4446,76.0
4447,95.0
4448,95.0
4449,95.0
4450,95.0
4451,71.0
4452,83.0
4453,71.0
4454,95.0
4455,49.0
4456,95.0
4457,76.0
4458,95.0
4459,83.0
4460,59.0
4461,-11.0
4462,95.0
4463,95.0
4464,76.0
4465,95.0
4466,95.0
4467,95.0
4468,95.0
4469,76.0
4470,64.0
4471,25.0
4472,95.0
4473,76.0
4474,64.0
4475,95.0
4476,95.0
4477,-345.0
4478,95.0
4479,95.0
4480,52.0
4481,95.0
4482,95.0
4483,95.0
4484,95.0
4485,95.0
4486,95.0
4487,95.0
4488,95.0
4489,30.0
4490,95.0
4491,95.0
4492,37.0
4493,95.0
4494,95.0
4495,-340.0
4496,95.0
4497,95.0
4498,64.0
4499,95.0
4500,64.0
4501,71.0
4502,6.0
4503,42.0
4504,95.0
4505,95.0
4506,95.0
4507,30.0
4508,76.0
4509,95.0
4510,37.0
4511,95.0
4512,71.0
4513,49.0
4514,95.0
4515,95.0
4516,95.0
4517,95.0
4518,95.0
4519,95.0
4520,95.0
4521,76.0
4522,95.0
4523,95.0
4524,95.0
4525,49.0
4526,64.0
4527,95.0
4528,95.0
4529,52.0
4530,95.0
4531,-325.0
4532,49.0
4533,59.0
4534,-345.0
4535,95.0
4536,95.0
4537,64.0
4538,66.0
4539,95.0
4540,95.0
4541,95.0
4542,95.0
4543,76.0
4544,76.0
4545,95.0
4546,95.0
4547,95.0
4548,76.0
4549,83.0
4550,95.0
4551,37.0
4552,95.0
4553,95.0
4554,95.0
4555,52.0
4556,95.0
4557,-335.0
4558,95.0
4559,95.0
4560,95.0
4561,95.0
4562,64.0
4563,83.0
4564,95.0
4565,1.0
4566,83.0
4567,95.0
4568,71.0
4569,52.0
4570,52.0
4571,-320.0
4572,-325.0
4573,57.0
4574,95.0
4575,71.0
4576,95.0
4577,83.0
4578,95.0
4579,95.0
4580,83.0
4581,52.0
4582,37.0
4583,95.0
4584,95.0
4585,95.0
4586,95.0
4587,52.0
4588,95.0
4589,95.0
4590,83.0
4591,95.0
4592,95.0
4593,37.0
4594,64.0
4595,76.0
4596,76.0
4597,64.0
4598,95.0
4599,64.0
4600,95.0
4601,95.0
4602,95.0
4603,71.0
4604,95.0
4605,-315.0
4606,95.0
4607,95.0
4608,66.0
4609,64.0
4610,95.0
4611,76.0
4612,64.0
4613,49.0
4614,95.0
4615,71.0
4616,-315.0
4617,83.0
4618,95.0
4619,95.0
4620,95.0
4621,83.0
4622,95.0
4623,-20.0
4624,83.0
4625,95.0
4626,95.0
4627,95.0
4628,95.0
4629,71.0
4630,83.0
4631,6.0
4632,71.0
4633,-45.0
4634,95.0
4635,95.0
4636,95.0
4637,95.0
4638,95.0
4639,95.0
4640,76.0
4641,95.0
4642,76.0
4643,95.0
4644,95.0
4645,76.0
4646,95.0
4647,95.0
4648,95.0
4649,-305.0
4650,95.0
4651,71.0
4652,95.0
4653,95.0
4654,95.0
4655,83.0
4656,76.0
4657,59.0
4658,-11.0
4659,95.0
4660,95.0
4661,64.0
4662,95.0
4663,95.0
4664,95.0
4665,76.0
4666,37.0
4667,95.0
4668,64.0
4669,95.0
4670,95.0
4671,95.0
4672,95.0
4673,95.0
4674,76.0
4675,64.0
4676,95.0
4677,71.0
4678,64.0
4679,95.0
4680,37.0
4681,95.0
4682,95.0
4683,83.0
4684,95.0
4685,64.0
4686,52.0
4687,83.0
4688,83.0
4689,-315.0
4690,71.0
4691,49.0
4692,95.0
4693,95.0
4694,37.0
4695,64.0
4696,95.0
4697,95.0
4698,95.0
4699,-16.0
4700,95.0
4701,71.0
4702,95.0
4703,95.0
4704,95.0
4705,95.0
4706,37.0
4707,95.0
4708,95.0
4709,95.0
4710,95.0
4711,83.0
4712,83.0
4713,95.0
4714,95.0
4715,71.0
4716,95.0
4717,95.0
4718,95.0
4719,95.0
4720,54.0
4721,49.0
4722,95.0
4723,76.0
4724,59.0
4725,95.0
4726,95.0
4727,95.0
4728,95.0
4729,83.0
4730,71.0
4731,95.0
4732,95.0
4733,95.0
4734,95.0
4735,95.0
4736,95.0
4737,95.0
4738,95.0
4739,95.0
4740,95.0
4741,95.0
4742,95.0
4743,-315.0
4744,95.0
4745,49.0
4746,64.0
4747,76.0
4748,76.0
4749,95.0
4750,52.0
4751,95.0
4752,37.0
4753,71.0
4754,95.0
4755,95.0
4756,95.0
4757,95.0
4758,83.0
4759,95.0
4760,95.0
4761,83.0
4762,95.0
4763,95.0
4764,-4.0
4765,95.0
4766,47.0
4767,95.0
4768,95.0
4769,95.0
4770,95.0
4771,83.0
4772,95.0
4773,52.0
4774,83.0
4775,95.0
4776,49.0
4777,71.0
4778,95.0
4779,95.0
4780,95.0
4781,95.0
4782,83.0
4783,76.0
4784,95.0
4785,-320.0
4786,95.0
4787,64.0
4788,95.0
4789,95.0
4790,95.0
4791,95.0
4792,95.0
4793,95.0
4794,52.0
4795,95.0
4796,64.0
4797,-25.0
4798,76.0
4799,95.0
4800,95.0
4801,64.0
4802,95.0
4803,-310.0
4804,95.0
4805,76.0
4806,95.0
4807,83.0
4808,95.0
4809,59.0
4810,95.0
4811,95.0
4812,59.0
4813,95.0
4814,76.0
4815,49.0
4816,23.0
4817,95.0
4818,95.0
4819,95.0
4820,95.0
4821,-9.0
4822,95.0
4823,95.0
4824,95.0
4825,95.0
4826,95.0
4827,95.0
4828,83.0
4829,95.0
4830,95.0
4831,52.0
4832,83.0
4833,95.0
4834,49.0
4835,95.0
4836,71.0
4837,95.0
4838,64.0
4839,52.0
4840,71.0
4841,95.0
4842,95.0
4843,95.0
4844,95.0
4845,95.0
4846,59.0
4847,-35.0
4848,95.0
4849,52.0
4850,95.0
4851,64.0
4852,95.0
4853,95.0
4854,95.0
4855,20.0
4856,-16.0
4857,95.0
4858,95.0
4859,49.0
4860,95.0
4861,49.0
4862,95.0
4863,95.0
4864,76.0
4865,64.0
4866,76.0
4867,95.0
4868,95.0
4869,95.0
4870,20.0
4871,64.0
4872,76.0
4873,95.0
4874,95.0
4875,95.0
4876,76.0
4877,95.0
4878,83.0
4879,49.0
4880,95.0
4881,35.0
4882,52.0
4883,54.0
4884,71.0
4885,59.0
4886,32.0
4887,76.0
4888,-340.0
4889,95.0
4890,95.0
4891,64.0
4892,76.0
4893,95.0
4894,95.0
4895,95.0
4896,95.0
4897,64.0
4898,83.0
4899,95.0
4900,37.0
4901,95.0
4902,95.0
4903,54.0
4904,64.0
4905,95.0
4906,95.0
4907,95.0
4908,95.0
4909,37.0
4910,-18.0
4911,71.0
4912,95.0
4913,37.0
4914,95.0
4915,95.0
4916,95.0
4917,95.0
4918,95.0
4919,95.0
4920,64.0
4921,95.0
4922,95.0
4923,95.0
4924,71.0
4925,95.0
4926,95.0
4927,95.0
4928,95.0
4929,95.0
4930,64.0
4931,95.0
4932,76.0
4933,95.0
4934,54.0
4935,95.0
4936,95.0
4937,83.0
4938,66.0
4939,95.0
4940,59.0
4941,49.0
4942,95.0
4943,95.0
4944,83.0
4945,95.0
4946,-35.0
4947,95.0
4948,95.0
4949,95.0
4950,95.0
4951,95.0
4952,76.0
4953,64.0
4954,49.0
4955,95.0
4956,95.0
4957,95.0
4958,64.0
4959,49.0
4960,95.0
4961,95.0
4962,95.0
4963,59.0
4964,95.0
4965,76.0
4966,95.0
4967,83.0
4968,95.0
4969,49.0
4970,3.0
4971,59.0
4972,95.0
4973,95.0
4974,83.0
4975,20.0
4976,71.0
4977,95.0
4978,95.0
4979,71.0
4980,95.0
4981,37.0
4982,71.0
4983,95.0
4984,83.0
4985,95.0
4986,83.0
4987,95.0
4988,76.0
4989,66.0
4990,76.0
4991,52.0
4992,95.0
4993,83.0
4994,95.0
4995,95.0
4996,83.0
4997,95.0
4998,95.0
4999,95.0
5000,49.0
5001,95.0
5002,95.0
5003,95.0
5004,95.0
5005,95.0
5006,95.0
5007,95.0
5008,95.0
5009,95.0
5010,-335.0
5011,95.0
5012,71.0
5013,76.0
5014,95.0
5015,95.0
5016,95.0
5017,95.0
5018,76.0
5019,95.0
5020,76.0
5021,95.0
5022,95.0
5023,95.0
5024,95.0
5025,71.0
5026,95.0
5027,95.0
5028,95.0
5029,95.0
5030,95.0
5031,95.0
5032,49.0
5033,37.0
5034,76.0
5035,83.0
5036,95.0
5037,37.0
5038,6.0
5039,95.0
5040,95.0
5041,71.0
5042,95.0
5043,49.0
5044,83.0
5045,95.0
5046,95.0
5047,95.0
5048,95.0
5049,95.0
5050,71.0
5051,30.0
5052,30.0
5053,95.0
5054,95.0
5055,95.0
5056,52.0
5057,54.0
5058,95.0
5059,95.0
5060,95.0
5061,76.0
5062,49.0
5063,83.0
5064,37.0
5065,83.0
5066,71.0
5067,95.0
5068,95.0
5069,95.0
5070,95.0
5071,95.0
5072,95.0
5073,71.0
5074,95.0
5075,95.0
5076,95.0
5077,95.0
5078,95.0
5079,49.0
5080,95.0
5081,95.0
5082,83.0
5083,95.0
5084,95.0
5085,49.0
5086,71.0
5087,49.0
5088,95.0
5089,95.0
5090,95.0
5091,52.0
5092,95.0
5093,-16.0
5094,49.0
5095,71.0
5096,95.0
5097,-18.0
5098,95.0
5099,95.0
5100,95.0
5101,95.0
5102,95.0
5103,76.0
5104,76.0
5105,83.0
5106,95.0
5107,95.0
5108,95.0
5109,95.0
5110,95.0
5111,95.0
5112,95.0
5113,95.0
5114,95.0
5115,64.0
5116,95.0
5117,95.0
5118,54.0
5119,71.0
5120,95.0
5121,49.0
5122,64.0
5123,95.0
5124,95.0
5125,71.0
5126,95.0
5127,64.0
5128,95.0
5129,95.0
5130,49.0
5131,95.0
5132,76.0
5133,95.0
5134,95.0
5135,6.0
5136,95.0
5137,95.0
5138,95.0
5139,95.0
5140,95.0
5141,95.0
5142,71.0
5143,66.0
5144,95.0
5145,95.0
5146,76.0
5147,25.0
5148,95.0
5149,95.0
5150,95.0
5151,49.0
5152,95.0
5153,37.0
5154,54.0
5155,71.0
5156,47.0
5157,76.0
5158,95.0
5159,52.0
5160,95.0
5161,52.0
5162,76.0
5163,71.0
5164,35.0
5165,-9.0
5166,95.0
5167,95.0
5168,95.0
5169,95.0
5170,95.0
5171,-195.0
5172,95.0
5173,76.0
5174,95.0
5175,59.0
5176,95.0
5177,95.0
5178,95.0
5179,95.0
5180,95.0
5181,95.0
5182,52.0
5183,95.0
5184,95.0
5185,95.0
5186,95.0
5187,95.0
5188,49.0
5189,95.0
5190,37.0
5191,71.0
5192,71.0
5193,95.0
5194,95.0
5195,76.0
5196,95.0
5197,95.0
5198,95.0
5199,64.0
5200,95.0
5201,37.0
5202,83.0
5203,95.0
5204,95.0
5205,95.0
5206,95.0
5207,76.0
5208,52.0
5209,95.0
5210,95.0
5211,95.0
5212,-9.0
5213,95.0
5214,64.0
5215,83.0
5216,95.0
5217,49.0
5218,76.0
5219,95.0
5220,71.0
5221,52.0
5222,95.0
5223,71.0
5224,95.0
5225,95.0
5226,52.0
5227,95.0
5228,95.0
5229,83.0
5230,20.0
5231,95.0
5232,95.0
5233,52.0
5234,95.0
5235,76.0
5236,95.0
5237,71.0
5238,95.0
5239,30.0
5240,95.0
5241,49.0
5242,95.0
5243,95.0
5244,52.0
5245,20.0
5246,95.0
5247,95.0
5248,83.0
5249,95.0
5250,76.0
5251,71.0
5252,95.0
5253,28.0
5254,1.0
5255,95.0
5256,83.0
5257,71.0
5258,49.0
5259,54.0
5260,95.0
5261,83.0
5262,95.0
5263,37.0
5264,95.0
5265,95.0
5266,76.0
5267,95.0
5268,95.0
5269,71.0
5270,95.0
5271,95.0
5272,71.0
5273,95.0
5274,95.0
5275,95.0
5276,95.0
5277,95.0
5278,20.0
5279,83.0
5280,49.0
5281,95.0
5282,95.0
5283,95.0
5284,30.0
5285,95.0
5286,52.0
5287,95.0
5288,95.0
5289,-340.0
5290,95.0
5291,37.0
5292,95.0
5293,95.0
5294,95.0
5295,95.0
5296,95.0
5297,95.0
5298,83.0
5299,-340.0
5300,33.0
5301,95.0
5302,71.0
5303,95.0
5304,52.0
5305,95.0
5306,6.0
5307,95.0
5308,71.0
5309,95.0
5310,95.0
5311,54.0
5312,83.0
5313,95.0
5314,95.0
5315,95.0
5316,-76.0
5317,-355.0
5318,95.0
5319,95.0
5320,95.0
5321,64.0
5322,95.0
5323,95.0
5324,83.0
5325,95.0
5326,95.0
5327,49.0
5328,76.0
5329,83.0
5330,-16.0
5331,25.0
5332,76.0
5333,64.0
5334,95.0
5335,95.0
5336,95.0
5337,83.0
5338,95.0
5339,95.0
5340,64.0
5341,95.0
5342,76.0
5343,95.0
5344,95.0
5345,95.0
5346,66.0
5347,52.0
5348,95.0
5349,76.0
5350,95.0
5351,95.0
5352,35.0
5353,95.0
5354,95.0
5355,95.0
5356,95.0
5357,95.0
5358,95.0
5359,95.0
5360,95.0
5361,76.0
5362,95.0
5363,49.0
5364,76.0
5365,95.0
5366,95.0
5367,83.0
5368,8.0
5369,95.0
5370,-21.0
5371,71.0
5372,95.0
5373,64.0
5374,95.0
5375,52.0
5376,95.0
5377,95.0
5378,95.0
5379,-16.0
5380,95.0
5381,95.0
5382,95.0
5383,95.0
5384,95.0
5385,95.0
5386,95.0
5387,95.0
5388,95.0
5389,95.0
5390,95.0
5391,64.0
5392,83.0
5393,52.0
5394,95.0
5395,95.0
5396,95.0
5397,95.0
5398,95.0
5399,71.0
5400,35.0
5401,95.0
5402,95.0
5403,95.0
5404,95.0
5405,71.0
5406,76.0
5407,3.0
5408,49.0
5409,95.0
5410,95.0
5411,95.0
5412,95.0
5413,30.0
5414,95.0
5415,95.0
5416,-50.0
5417,95.0
5418,83.0
5419,83.0
5420,76.0
5421,95.0
5422,95.0
5423,95.0
5424,95.0
5425,95.0
5426,83.0
5427,13.0
5428,95.0
5429,71.0
5430,76.0
5431,-195.0
5432,95.0
5433,95.0
5434,95.0
5435,52.0
5436,95.0
5437,95.0
5438,95.0
5439,95.0
5440,-16.0
5441,64.0
5442,83.0
5443,52.0
5444,95.0
5445,49.0
5446,83.0
5447,95.0
5448,95.0
5449,71.0
5450,37.0
5451,64.0
5452,76.0
5453,95.0
5454,95.0
5455,71.0
5456,83.0
5457,64.0
5458,95.0
5459,95.0
5460,95.0
5461,95.0
5462,95.0
5463,95.0
5464,95.0
5465,95.0
5466,-365.0
5467,95.0
5468,95.0
5469,49.0
5470,95.0
5471,64.0
5472,95.0
5473,83.0
5474,95.0
5475,95.0
5476,49.0
5477,49.0
5478,95.0
5479,95.0
5480,95.0
5481,83.0
5482,52.0
5483,95.0
5484,76.0
5485,95.0
5486,76.0
5487,95.0
5488,71.0
5489,71.0
5490,66.0
5491,95.0
5492,95.0
5493,71.0
5494,95.0
5495,95.0
5496,49.0
5497,95.0
5498,95.0
5499,83.0
5500,83.0
5501,57.0
5502,71.0
5503,95.0
5504,30.0
5505,52.0
5506,76.0
5507,71.0
5508,95.0
5509,95.0
5510,95.0
5511,95.0
5512,95.0
5513,71.0
5514,95.0
5515,49.0
5516,76.0
5517,71.0
5518,71.0
5519,71.0
5520,95.0
5521,95.0
5522,52.0
5523,49.0
5524,64.0
5525,83.0
5526,95.0
5527,-355.0
5528,71.0
5529,76.0
5530,95.0
5531,47.0
5532,95.0
5533,64.0
5534,23.0
5535,30.0
5536,64.0
5537,95.0
5538,83.0
5539,-370.0
5540,76.0
5541,76.0
5542,83.0
5543,83.0
5544,95.0
5545,83.0
5546,95.0
5547,95.0
5548,42.0
5549,95.0
5550,71.0
5551,66.0
5552,95.0
5553,64.0
5554,20.0
5555,95.0
5556,95.0
5557,71.0
5558,52.0
5559,95.0
5560,64.0
5561,95.0
5562,76.0
5563,95.0
5564,95.0
5565,95.0
5566,64.0
5567,71.0
5568,95.0
5569,95.0
5570,95.0
5571,64.0
5572,76.0
5573,95.0
5574,18.0
5575,95.0
5576,71.0
5577,95.0
5578,95.0
5579,95.0
5580,71.0
5581,95.0
5582,95.0
5583,83.0
5584,95.0
5585,76.0
5586,83.0
5587,76.0
5588,71.0
5589,64.0
5590,95.0
5591,76.0
5592,95.0
5593,95.0
5594,95.0
5595,95.0
5596,37.0
5597,76.0
5598,95.0
5599,95.0
5600,95.0
5601,76.0
5602,95.0
5603,76.0
5604,95.0
5605,95.0
5606,95.0
5607,95.0
5608,49.0
5609,30.0
5610,57.0
5611,95.0
5612,95.0
5613,76.0
5614,95.0
5615,95.0
5616,71.0
5617,76.0
5618,71.0
5619,95.0
5620,83.0
5621,54.0
5622,95.0
5623,76.0
5624,95.0
5625,95.0
5626,95.0
5627,71.0
5628,95.0
5629,95.0
5630,95.0
5631,95.0
5632,95.0
5633,95.0
5634,71.0
5635,95.0
5636,54.0
5637,95.0
5638,95.0
5639,52.0
5640,95.0
5641,95.0
5642,49.0
5643,57.0
5644,76.0
5645,95.0
5646,37.0
5647,71.0
5648,95.0
5649,95.0
5650,71.0
5651,76.0
5652,64.0
5653,95.0
5654,95.0
5655,95.0
5656,95.0
5657,95.0
5658,95.0
5659,54.0
5660,95.0
5661,95.0
5662,95.0
5663,83.0
5664,57.0
5665,95.0
5666,95.0
5667,-6.0
5668,83.0
5669,95.0
5670,95.0
5671,95.0
5672,76.0
5673,49.0
5674,49.0
5675,71.0
5676,76.0
5677,-370.0
5678,95.0
5679,95.0
5680,95.0
5681,95.0
5682,95.0
5683,95.0
5684,52.0
5685,95.0
5686,95.0
5687,95.0
5688,95.0
5689,59.0
5690,95.0
5691,66.0
5692,83.0
5693,95.0
5694,95.0
5695,95.0
5696,37.0
5697,95.0
5698,71.0
5699,83.0
5700,32.0
5701,52.0
5702,95.0
5703,83.0
5704,95.0
5705,95.0
5706,95.0
5707,95.0
5708,37.0
5709,95.0
5710,95.0
5711,95.0
5712,95.0
5713,57.0
5714,95.0
5715,76.0
5716,71.0
5717,83.0
5718,95.0
5719,95.0
5720,18.0
5721,49.0
5722,95.0
5723,95.0
5724,76.0
5725,95.0
5726,95.0
5727,76.0
5728,18.0
5729,95.0
5730,76.0
5731,95.0
5732,-16.0
5733,95.0
5734,-35.0
5735,95.0
5736,95.0
5737,64.0
5738,76.0
5739,95.0
5740,64.0
5741,95.0
5742,66.0
5743,95.0
5744,95.0
5745,76.0
5746,95.0
5747,95.0
5748,95.0
5749,95.0
5750,95.0
5751,95.0
5752,95.0
5753,71.0
5754,95.0
5755,71.0
5756,95.0
5757,49.0
5758,54.0
5759,83.0
5760,95.0
5761,83.0
5762,71.0
5763,83.0
5764,52.0
5765,95.0
5766,95.0
5767,83.0
5768,95.0
5769,64.0
5770,83.0
5771,71.0
5772,64.0
5773,76.0
5774,95.0
5775,95.0
5776,95.0
5777,37.0
5778,57.0
5779,95.0
5780,95.0
5781,95.0
5782,95.0
5783,-11.0
5784,71.0
5785,95.0
5786,95.0
5787,42.0
5788,83.0
5789,-57.0
5790,76.0
5791,95.0
5792,-16.0
5793,52.0
5794,66.0
5795,95.0
5796,71.0
5797,95.0
5798,95.0
5799,95.0
5800,71.0
5801,64.0
5802,76.0
5803,83.0
5804,95.0
5805,95.0
5806,95.0
5807,95.0
5808,95.0
5809,83.0
5810,95.0
5811,95.0
5812,95.0
5813,95.0
5814,95.0
5815,66.0
5816,71.0
5817,95.0
5818,57.0
5819,59.0
5820,95.0
5821,95.0
5822,95.0
5823,64.0
5824,95.0
5825,95.0
5826,59.0
5827,64.0
5828,37.0
5829,71.0
5830,95.0
5831,49.0
5832,64.0
5833,95.0
5834,95.0
5835,95.0
5836,71.0
5837,37.0
5838,95.0
5839,76.0
5840,95.0
5841,95.0
5842,49.0
5843,95.0
5844,95.0
5845,95.0
5846,95.0
5847,95.0
5848,71.0
5849,76.0
5850,95.0
5851,95.0
5852,76.0
5853,71.0
5854,95.0
5855,83.0
5856,71.0
5857,95.0
5858,95.0
5859,95.0
5860,76.0
5861,83.0
5862,95.0
5863,83.0
5864,95.0
5865,64.0
5866,83.0
5867,49.0
5868,95.0
5869,52.0
5870,95.0
5871,95.0
5872,95.0
5873,83.0
5874,49.0
5875,95.0
5876,95.0
5877,83.0
5878,76.0
5879,95.0
5880,95.0
5881,95.0
5882,83.0
5883,83.0
5884,95.0
5885,95.0
5886,83.0
5887,95.0
5888,76.0
5889,95.0
5890,95.0
5891,83.0
5892,83.0
5893,95.0
5894,95.0
5895,95.0
5896,95.0
5897,52.0
5898,76.0
5899,95.0
5900,83.0
5901,95.0
5902,95.0
5903,-380.0
5904,83.0
5905,83.0
5906,95.0
5907,95.0
5908,64.0
5909,42.0
5910,95.0
5911,95.0
5912,95.0
5913,95.0
5914,95.0
5915,95.0
5916,64.0
5917,83.0
5918,95.0
5919,95.0
5920,95.0
5921,64.0
5922,95.0
5923,13.0
5924,71.0
5925,95.0
5926,64.0
5927,-47.0
5928,49.0
5929,95.0
5930,95.0
5931,95.0
5932,95.0
5933,95.0
5934,76.0
5935,32.0
5936,95.0
5937,8.0
5938,95.0
5939,95.0
5940,95.0
5941,95.0
5942,66.0
5943,95.0
5944,95.0
5945,95.0
5946,95.0
5947,71.0
5948,95.0
5949,76.0
5950,95.0
5951,95.0
5952,52.0
5953,76.0
5954,95.0
5955,95.0
5956,95.0
5957,64.0
5958,71.0
5959,95.0
5960,95.0
5961,64.0
5962,54.0
5963,8.0
5964,95.0
5965,83.0
5966,95.0
5967,76.0
5968,49.0
5969,64.0
5970,95.0
5971,71.0
5972,64.0
5973,71.0
5974,-183.0
5975,1.0
5976,95.0
5977,95.0
5978,76.0
5979,95.0
5980,95.0
5981,95.0
5982,95.0
5983,64.0
5984,95.0
5985,95.0
5986,95.0
5987,95.0
5988,95.0
5989,83.0
5990,95.0
5991,95.0
5992,95.0
5993,95.0
5994,95.0
5995,95.0
5996,71.0
5997,83.0
5998,37.0
5999,95.0
6000,71.0
6001,95.0
6002,83.0
6003,95.0
6004,95.0
6005,83.0
6006,40.0
6007,95.0
6008,95.0
6009,76.0
6010,64.0
6011,95.0
6012,64.0
6013,95.0
6014,95.0
6015,52.0
6016,95.0
6017,76.0
6018,49.0
6019,76.0
6020,95.0
6021,71.0
6022,95.0
6023,95.0
6024,71.0
6025,95.0
6026,95.0
6027,95.0
6028,95.0
6029,95.0
6030,95.0
6031,95.0
6032,83.0
6033,95.0
6034,95.0
6035,95.0
6036,95.0
6037,95.0
6038,57.0
6039,71.0
6040,95.0
6041,76.0
6042,83.0
6043,64.0
6044,95.0
6045,95.0
6046,71.0
6047,57.0
6048,95.0
6049,95.0
6050,95.0
6051,95.0
6052,83.0
6053,95.0
6054,76.0
6055,71.0
6056,95.0
6057,71.0
6058,95.0
6059,76.0
6060,95.0
6061,95.0
6062,49.0
6063,71.0
6064,83.0
6065,52.0
6066,76.0
6067,71.0
6068,95.0
6069,95.0
6070,95.0
6071,95.0
6072,95.0
6073,95.0
6074,95.0
6075,95.0
6076,95.0
6077,95.0
6078,95.0
6079,37.0
6080,42.0
6081,95.0
6082,95.0
6083,95.0
6084,52.0
6085,95.0
6086,71.0
6087,95.0
6088,95.0
6089,95.0
6090,95.0
6091,95.0
6092,64.0
6093,95.0
6094,-16.0
6095,42.0
6096,71.0
6097,95.0
6098,95.0
6099,71.0
6100,95.0
6101,71.0
6102,95.0
6103,76.0
6104,95.0
6105,95.0
6106,83.0
6107,95.0
6108,95.0
6109,54.0
6110,37.0
6111,-4.0
6112,37.0
6113,95.0
6114,64.0
6115,71.0
6116,95.0
6117,76.0
6118,95.0
6119,37.0
6120,95.0
6121,57.0
6122,66.0
6123,95.0
6124,54.0
6125,95.0
6126,95.0
6127,32.0
6128,49.0
6129,66.0
6130,95.0
6131,83.0
6132,95.0
6133,76.0
6134,95.0
6135,49.0
6136,95.0
6137,76.0
6138,95.0
6139,95.0
6140,95.0
6141,52.0
6142,95.0
6143,32.0
6144,95.0
6145,76.0
6146,95.0
6147,95.0
6148,95.0
6149,71.0
6150,95.0
6151,57.0
6152,95.0
6153,83.0
6154,47.0
6155,83.0
6156,-4.0
6157,95.0
6158,83.0
6159,57.0
6160,-93.0
6161,64.0
6162,52.0
6163,52.0
6164,95.0
6165,95.0
6166,95.0
6167,95.0
6168,52.0
6169,76.0
6170,95.0
6171,95.0
6172,95.0
6173,95.0
6174,95.0
6175,54.0
6176,32.0
6177,95.0
6178,66.0
6179,95.0
6180,95.0
6181,95.0
6182,95.0
6183,95.0
6184,95.0
6185,76.0
6186,95.0
6187,52.0
6188,95.0
6189,95.0
6190,95.0
6191,95.0
6192,95.0
6193,49.0
6194,95.0
6195,28.0
6196,95.0
6197,71.0
6198,71.0
6199,59.0
6200,95.0
6201,83.0
6202,76.0
6203,95.0
6204,49.0
6205,76.0
6206,95.0
6207,95.0
6208,95.0
6209,95.0
6210,83.0
6211,64.0
6212,95.0
6213,95.0
6214,95.0
6215,59.0
6216,95.0
6217,64.0
6218,3.0
6219,71.0
6220,95.0
6221,32.0
6222,-16.0
6223,95.0
6224,95.0
6225,95.0
6226,83.0
6227,95.0
6228,76.0
6229,95.0
6230,95.0
6231,76.0
6232,95.0
6233,95.0
6234,37.0
6235,95.0
6236,19.0
6237,95.0
6238,95.0
6239,37.0
6240,57.0
6241,95.0
6242,71.0
6243,95.0
6244,95.0
6245,95.0
6246,95.0
6247,95.0
6248,71.0
6249,76.0
6250,32.0
6251,32.0
6252,95.0
6253,95.0
6254,49.0
6255,95.0
6256,95.0
6257,76.0
6258,95.0
6259,95.0
6260,95.0
6261,13.0
6262,71.0
6263,95.0
6264,95.0
6265,57.0
6266,83.0
6267,95.0
6268,95.0
6269,95.0
6270,95.0
6271,95.0
6272,71.0
6273,95.0
6274,95.0
6275,95.0
6276,83.0
6277,71.0
6278,95.0
6279,52.0
6280,95.0
6281,71.0
6282,95.0
6283,64.0
6284,95.0
6285,76.0
6286,49.0
6287,83.0
6288,83.0
6289,95.0
6290,95.0
6291,95.0
6292,76.0
6293,66.0
6294,95.0
6295,95.0
6296,95.0
6297,57.0
6298,95.0
6299,95.0
6300,95.0
6301,76.0
6302,95.0
6303,76.0
6304,95.0
6305,95.0
6306,95.0
6307,-23.0
6308,52.0
6309,37.0
6310,71.0
6311,-370.0
6312,95.0
6313,57.0
6314,95.0
6315,47.0
6316,83.0
6317,64.0
6318,83.0
6319,52.0
6320,83.0
6321,83.0
6322,42.0
6323,76.0
6324,54.0
6325,95.0
6326,95.0
6327,95.0
6328,76.0
6329,95.0
6330,95.0
6331,71.0
6332,95.0
6333,95.0
6334,95.0
6335,95.0
6336,52.0
6337,95.0
6338,95.0
6339,95.0
6340,95.0
6341,95.0
6342,95.0
6343,76.0
6344,95.0
6345,83.0
6346,76.0
6347,64.0
6348,49.0
6349,66.0
6350,95.0
6351,76.0
6352,76.0
6353,95.0
6354,95.0
6355,95.0
6356,83.0
6357,95.0
6358,76.0
6359,64.0
6360,49.0
6361,42.0
6362,76.0
6363,95.0
6364,49.0
6365,95.0
6366,95.0
6367,95.0
6368,95.0
6369,76.0
6370,52.0
6371,71.0
6372,71.0
6373,1.0
6374,95.0
6375,32.0
6376,95.0
6377,95.0
6378,95.0
6379,95.0
6380,64.0
6381,95.0
6382,95.0
6383,95.0
6384,95.0
6385,76.0
6386,95.0
6387,71.0
6388,52.0
6389,57.0
6390,71.0
6391,95.0
6392,95.0
6393,95.0
6394,95.0
6395,32.0
6396,95.0
6397,95.0
6398,95.0
6399,95.0
6400,95.0
6401,71.0
6402,52.0
6403,95.0
6404,95.0
6405,52.0
6406,95.0
6407,71.0
6408,95.0
6409,95.0
6410,95.0
6411,95.0
6412,95.0
6413,83.0
6414,83.0
6415,52.0
6416,95.0
6417,57.0
6418,95.0
6419,59.0
6420,52.0
6421,95.0
6422,95.0
6423,71.0
6424,95.0
6425,71.0
6426,66.0
6427,95.0
6428,95.0
6429,95.0
6430,-47.0
6431,83.0
6432,71.0
6433,95.0
6434,83.0
6435,95.0
6436,95.0
6437,95.0
6438,95.0
6439,95.0
6440,76.0
6441,83.0
6442,83.0
6443,95.0
6444,95.0
6445,95.0
6446,95.0
6447,95.0
6448,95.0
6449,76.0
6450,95.0
6451,83.0
6452,71.0
6453,71.0
6454,52.0
6455,95.0
6456,42.0
6457,64.0
6458,71.0
6459,32.0
6460,95.0
6461,83.0
6462,95.0
6463,95.0
6464,95.0
6465,64.0
6466,71.0
6467,66.0
6468,71.0
6469,95.0
6470,95.0
6471,95.0
6472,95.0
6473,71.0
6474,95.0
6475,59.0
6476,32.0
6477,95.0
6478,95.0
6479,64.0
6480,71.0
6481,95.0
6482,95.0
6483,95.0
6484,76.0
6485,95.0
6486,95.0
6487,95.0
6488,95.0
6489,76.0
6490,95.0
6491,95.0
6492,95.0
6493,57.0
6494,83.0
6495,95.0
6496,37.0
6497,95.0
6498,95.0
6499,71.0
6500,64.0
6501,-16.0
6502,95.0
6503,83.0
6504,95.0
6505,95.0
6506,83.0
6507,83.0
6508,95.0
6509,71.0
6510,95.0
6511,95.0
6512,95.0
6513,95.0
6514,95.0
6515,76.0
6516,95.0
6517,95.0
6518,83.0
6519,83.0
6520,71.0
6521,95.0
6522,57.0
6523,49.0
6524,95.0
6525,71.0
6526,76.0
6527,95.0
6528,95.0
6529,95.0
6530,95.0
6531,95.0
6532,95.0
6533,95.0
6534,95.0
6535,95.0
6536,83.0
6537,95.0
6538,95.0
6539,71.0
6540,57.0
6541,83.0
6542,57.0
6543,64.0
6544,49.0
6545,95.0
6546,95.0
6547,95.0
6548,-28.0
6549,95.0
6550,95.0
6551,95.0
6552,95.0
6553,95.0
6554,95.0
6555,76.0
6556,95.0
6557,95.0
6558,95.0
6559,95.0
6560,95.0
6561,95.0
6562,95.0
6563,76.0
6564,95.0
6565,32.0
6566,95.0
6567,64.0
6568,95.0
6569,95.0
6570,95.0
6571,71.0
6572,83.0
6573,95.0
6574,95.0
6575,95.0
6576,95.0
6577,52.0
6578,95.0
6579,76.0
6580,95.0
6581,95.0
6582,95.0
6583,95.0
6584,71.0
6585,83.0
6586,95.0
6587,83.0
6588,95.0
6589,95.0
6590,54.0
6591,83.0
6592,71.0
6593,95.0
6594,71.0
6595,95.0
6596,57.0
6597,37.0
6598,95.0
6599,95.0
6600,64.0
6601,95.0
6602,83.0
6603,95.0
6604,95.0
6605,71.0
6606,37.0
6607,64.0
6608,64.0
6609,57.0
6610,57.0
6611,95.0
6612,95.0
6613,95.0
6614,95.0
6615,95.0
6616,66.0
6617,95.0
6618,57.0
6619,37.0
6620,57.0
6621,95.0
6622,64.0
6623,95.0
6624,42.0
6625,95.0
6626,95.0
6627,95.0
6628,95.0
6629,95.0
6630,95.0
6631,71.0
6632,95.0
6633,95.0
6634,95.0
6635,95.0
6636,71.0
6637,57.0
6638,47.0
6639,71.0
6640,95.0
6641,95.0
6642,95.0
6643,76.0
6644,95.0
6645,83.0
6646,95.0
6647,95.0
6648,95.0
6649,1.0
6650,95.0
6651,32.0
6652,76.0
6653,40.0
6654,57.0
6655,95.0
6656,32.0
6657,95.0
6658,57.0
6659,95.0
6660,95.0
6661,95.0
6662,95.0
6663,71.0
6664,71.0
6665,95.0
6666,95.0
6667,66.0
6668,95.0
6669,95.0
6670,95.0
6671,95.0
6672,95.0
6673,71.0
6674,76.0
6675,95.0
6676,95.0
6677,71.0
6678,76.0
6679,95.0
6680,95.0
6681,95.0
6682,95.0
6683,54.0
6684,95.0
6685,95.0
6686,47.0
6687,95.0
6688,83.0
6689,95.0
6690,95.0
6691,95.0
6692,37.0
6693,95.0
6694,71.0
6695,95.0
6696,95.0
6697,-113.0
6698,57.0
6699,37.0
6700,95.0
6701,95.0
6702,71.0
6703,25.0
6704,95.0
6705,83.0
6706,95.0
6707,76.0
6708,76.0
6709,95.0
6710,95.0
6711,76.0
6712,95.0
6713,47.0
6714,71.0
6715,95.0
6716,57.0
6717,95.0
6718,57.0
6719,95.0
6720,95.0
6721,95.0
6722,52.0
6723,83.0
6724,95.0
6725,83.0
6726,71.0
6727,76.0
6728,95.0
6729,95.0
6730,95.0
6731,83.0
6732,95.0
6733,95.0
6734,95.0
6735,49.0
6736,20.0
6737,76.0
6738,57.0
6739,95.0
6740,95.0
6741,95.0
6742,95.0
6743,95.0
6744,64.0
6745,95.0
6746,95.0
6747,95.0
6748,95.0
6749,71.0
6750,95.0
6751,52.0
6752,45.0
6753,95.0
6754,95.0
6755,95.0
6756,-78.0
6757,47.0
6758,95.0
6759,95.0
6760,95.0
6761,54.0
6762,30.0
6763,95.0
6764,76.0
6765,3.0
6766,83.0
6767,95.0
6768,95.0
6769,95.0
6770,71.0
6771,66.0
6772,32.0
6773,95.0
6774,95.0
6775,95.0
6776,95.0
6777,95.0
6778,83.0
6779,76.0
6780,95.0
6781,95.0
6782,95.0
6783,95.0
6784,95.0
6785,95.0
6786,95.0
6787,47.0
6788,71.0
6789,52.0
6790,76.0
6791,83.0
6792,95.0
6793,76.0
6794,57.0
6795,71.0
6796,95.0
6797,95.0
6798,71.0
6799,95.0
6800,54.0
6801,95.0
6802,71.0
6803,83.0
6804,57.0
6805,95.0
6806,95.0
6807,83.0
6808,95.0
6809,71.0
6810,57.0
6811,71.0
6812,95.0
6813,95.0
6814,28.0
6815,83.0
6816,76.0
6817,71.0
6818,95.0
6819,95.0
6820,95.0
6821,95.0
6822,95.0
6823,71.0
6824,-14.0
6825,95.0
6826,95.0
6827,76.0
6828,59.0
6829,95.0
6830,95.0
6831,95.0
6832,95.0
6833,95.0
6834,95.0
6835,95.0
6836,95.0
6837,95.0
6838,71.0
6839,95.0
6840,95.0
6841,52.0
6842,95.0
6843,95.0
6844,66.0
6845,57.0
6846,59.0
6847,95.0
6848,76.0
6849,95.0
6850,95.0
6851,83.0
6852,71.0
6853,52.0
6854,-13.0
6855,95.0
6856,95.0
6857,83.0
6858,95.0
6859,95.0
6860,95.0
6861,76.0
6862,49.0
6863,95.0
6864,57.0
6865,95.0
6866,95.0
6867,95.0
6868,54.0
6869,95.0
6870,95.0
6871,95.0
6872,76.0
6873,95.0
6874,71.0
6875,-12.0
6876,57.0
6877,49.0
6878,95.0
6879,95.0
6880,83.0
6881,95.0
6882,76.0
6883,95.0
6884,95.0
6885,95.0
6886,95.0
6887,-17.0
6888,95.0
6889,8.0
6890,59.0
6891,95.0
6892,4.0
6893,95.0
6894,38.0
6895,95.0
6896,95.0
6897,95.0
6898,71.0
6899,95.0
6900,95.0
6901,71.0
6902,76.0
6903,47.0
6904,95.0
6905,95.0
6906,57.0
6907,49.0
6908,95.0
6909,95.0
6910,95.0
6911,95.0
6912,42.0
6913,83.0
6914,71.0
6915,40.0
6916,20.0
6917,95.0
6918,95.0
6919,76.0
6920,76.0
6921,95.0
6922,95.0
6923,76.0
6924,1.0
6925,95.0
6926,83.0
6927,76.0
6928,95.0
6929,64.0
6930,57.0
6931,76.0
6932,95.0
6933,95.0
6934,95.0
6935,71.0
6936,57.0
6937,57.0
6938,54.0
6939,52.0
6940,95.0
6941,57.0
6942,95.0
6943,57.0
6944,95.0
6945,95.0
6946,45.0
6947,95.0
6948,95.0
6949,95.0
6950,95.0
6951,95.0
6952,95.0
6953,95.0
6954,95.0
6955,95.0
6956,3.0
6957,49.0
6958,95.0
6959,-30.0
6960,71.0
6961,76.0
6962,95.0
6963,57.0
6964,83.0
6965,95.0
6966,0.0
6967,76.0
6968,83.0
6969,95.0
6970,54.0
6971,71.0
6972,95.0
6973,95.0
6974,95.0
6975,95.0
6976,66.0
6977,95.0
6978,71.0
6979,64.0
6980,76.0
6981,71.0
6982,71.0
6983,95.0
6984,95.0
6985,-5.0
6986,95.0
6987,95.0
