0,95.0
1,-385.0
2,-360.0
3,83.0
4,-217.0
5,-30.0
6,95.0
7,59.0
8,-365.0
9,71.0
10,54.0
11,-78.0
12,95.0
13,11.0
14,95.0
15,-370.0
16,-21.0
17,-370.0
18,52.0
19,95.0
20,83.0
21,-355.0
22,83.0
23,83.0
24,95.0
25,-380.0
26,18.0
27,-15.0
28,-91.0
29,-204.0
30,-241.0
31,95.0
32,-365.0
33,-10.0
34,-4.0
35,-156.0
36,-243.0
37,83.0
38,-355.0
39,-125.0
40,-173.0
41,-350.0
42,57.0
43,59.0
44,-96.0
45,-350.0
46,95.0
47,57.0
48,-360.0
49,-355.0
50,-355.0
51,-365.0
52,-93.0
53,-49.0
54,95.0
55,4.0
56,64.0
57,-202.0
58,-62.0
59,-375.0
60,-18.0
61,30.0
62,-165.0
63,52.0
64,95.0
65,95.0
66,95.0
67,49.0
68,-37.0
69,-154.0
70,-350.0
71,-365.0
72,42.0
73,76.0
74,18.0
75,95.0
76,-56.0
77,-370.0
78,-360.0
79,-360.0
80,-360.0
81,-350.0
82,95.0
83,-350.0
84,-355.0
85,83.0
86,95.0
87,-365.0
88,83.0
89,83.0
90,95.0
91,71.0
92,95.0
93,-219.0
94,83.0
95,-139.0
96,83.0
97,95.0
98,35.0
99,95.0
100,-375.0
101,-26.0
102,95.0
103,-375.0
104,-132.0
105,-350.0
106,-345.0
107,-163.0
108,-84.0
109,-109.0
110,-370.0
111,95.0
112,-63.0
113,-370.0
114,95.0
115,-16.0
116,71.0
117,37.0
118,-380.0
119,95.0
120,83.0
121,95.0
122,83.0
123,-355.0
124,83.0
125,-360.0
126,71.0
127,-360.0
128,95.0
129,95.0
130,-12.0
131,-175.0
132,-360.0
133,-231.0
134,71.0
135,83.0
136,83.0
137,-81.0
138,-375.0
139,-380.0
140,8.0
141,30.0
142,71.0
143,83.0
144,-88.0
145,-49.0
146,-355.0
147,-365.0
148,25.0
149,83.0
150,71.0
151,71.0
152,11.0
153,71.0
154,-375.0
155,-350.0
156,-370.0
157,95.0
158,-8.0
159,-144.0
160,28.0
161,54.0
162,-115.0
163,-1.0
164,-10.0
165,-217.0
166,95.0
167,95.0
168,-340.0
169,-144.0
170,83.0
171,-248.0
172,-153.0
173,-224.0
174,8.0
175,-102.0
176,95.0
177,-370.0
178,57.0
179,-335.0
180,95.0
181,-37.0
182,-21.0
183,95.0
184,-375.0
185,-45.0
186,-18.0
187,71.0
188,95.0
189,83.0
190,95.0
191,-345.0
192,-375.0
193,83.0
194,-212.0
195,-49.0
196,26.0
197,-375.0
198,-360.0
199,-108.0
200,-370.0
201,-183.0
202,76.0
203,-345.0
204,52.0
205,95.0
206,-45.0
207,95.0
208,-370.0
209,-159.0
210,-178.0
211,52.0
212,-360.0
213,95.0
214,-98.0
215,-360.0
216,-122.0
217,-157.0
218,-88.0
219,95.0
220,-224.0
221,52.0
222,95.0
223,-4.0
224,4.0
225,-365.0
226,95.0
227,-350.0
228,95.0
229,-360.0
230,-360.0
231,-380.0
232,-355.0
233,83.0
234,42.0
235,83.0
236,-108.0
237,83.0
238,-84.0
239,-84.0
240,-45.0
241,-355.0
242,95.0
243,-370.0
244,-79.0
245,83.0
246,83.0
247,-365.0
248,95.0
249,83.0
250,-181.0
251,-350.0
252,95.0
253,-365.0
254,95.0
255,71.0
256,-365.0
257,-44.0
258,-355.0
259,95.0
260,-127.0
261,-355.0
262,-224.0
263,-156.0
264,-108.0
265,95.0
266,-144.0
267,-86.0
268,-350.0
269,-235.0
270,-115.0
271,-4.0
272,76.0
273,-69.0
274,-345.0
275,-365.0
276,95.0
277,-375.0
278,52.0
279,-248.0
280,37.0
281,-82.0
282,-249.0
283,83.0
284,-144.0
285,57.0
286,64.0
287,49.0
288,-350.0
289,-130.0
290,95.0
291,95.0
292,-345.0
293,-325.0
294,-125.0
295,95.0
296,-178.0
297,-150.0
298,-62.0
299,-34.0
300,-370.0
301,23.0
302,95.0
303,-129.0
304,-365.0
305,-355.0
306,-345.0
307,-52.0
308,-41.0
309,95.0
310,95.0
311,-355.0
312,-62.0
313,-209.0
314,-204.0
315,95.0
316,-37.0
317,95.0
318,76.0
319,-365.0
320,95.0
321,95.0
322,38.0
323,83.0
324,64.0
325,57.0
326,-16.0
327,-370.0
328,-360.0
329,-350.0
330,95.0
331,54.0
332,95.0
333,-370.0
334,-253.0
335,71.0
336,-370.0
337,-33.0
338,95.0
339,-345.0
340,95.0
341,11.0
342,-375.0
343,-73.0
344,-370.0
345,-365.0
346,-365.0
347,-370.0
348,-375.0
349,95.0
350,-360.0
351,95.0
352,-355.0
353,57.0
354,95.0
355,95.0
356,-98.0
357,-30.0
358,95.0
359,-395.0
360,-18.0
361,95.0
362,95.0
363,95.0
364,-365.0
365,-50.0
366,-44.0
367,-21.0
368,95.0
369,83.0
370,95.0
371,95.0
372,-345.0
373,-365.0
374,95.0
375,95.0
376,-370.0
377,25.0
378,-184.0
379,83.0
380,47.0
381,95.0
382,-71.0
383,83.0
384,-365.0
385,37.0
386,95.0
387,95.0
388,95.0
389,-173.0
390,-139.0
391,95.0
392,83.0
393,-380.0
394,71.0
395,95.0
396,59.0
397,-108.0
398,83.0
399,-62.0
400,95.0
401,-390.0
402,-156.0
403,54.0
404,-130.0
405,95.0
406,37.0
407,71.0
408,-13.0
409,-258.0
410,83.0
411,83.0
412,-375.0
413,23.0
414,-18.0
415,42.0
416,54.0
417,-345.0
418,83.0
419,95.0
420,83.0
421,-380.0
422,95.0
423,-370.0
424,-350.0
425,95.0
426,25.0
427,-355.0
428,-91.0
429,71.0
430,83.0
431,95.0
432,95.0
433,-355.0
434,-375.0
435,42.0
436,-96.0
437,-345.0
438,-380.0
439,95.0
440,95.0
441,95.0
442,-370.0
443,66.0
444,-108.0
445,95.0
446,-112.0
447,-96.0
448,-360.0
449,95.0
450,95.0
451,83.0
452,95.0
453,83.0
454,95.0
455,95.0
456,83.0
457,-134.0
458,95.0
459,95.0
460,-350.0
461,52.0
462,95.0
463,-117.0
464,-1.0
465,71.0
466,-253.0
467,-188.0
468,-216.0
469,-6.0
470,-365.0
471,-57.0
472,95.0
473,66.0
474,-64.0
475,-40.0
476,95.0
477,-108.0
478,95.0
479,83.0
480,-370.0
481,57.0
482,-385.0
483,38.0
484,83.0
485,-88.0
486,95.0
487,-83.0
488,1.0
489,95.0
490,18.0
491,25.0
492,-149.0
493,37.0
494,71.0
495,95.0
496,18.0
497,83.0
498,95.0
499,-345.0
500,83.0
501,83.0
502,-360.0
503,-370.0
504,59.0
505,-360.0
506,76.0
507,-118.0
508,-195.0
509,66.0
510,-21.0
511,95.0
512,-258.0
513,57.0
514,-236.0
515,-72.0
516,45.0
517,95.0
518,-108.0
519,83.0
520,54.0
521,-360.0
522,-365.0
523,-360.0
524,-43.0
525,95.0
526,-350.0
527,-8.0
528,83.0
529,-370.0
530,95.0
531,64.0
532,54.0
533,95.0
534,95.0
535,-50.0
536,95.0
537,95.0
538,95.0
539,95.0
540,95.0
541,-241.0
542,-365.0
543,83.0
544,-385.0
545,20.0
546,83.0
547,-202.0
548,95.0
549,95.0
550,95.0
551,95.0
552,-110.0
553,-161.0
554,71.0
555,59.0
556,-59.0
557,95.0
558,95.0
559,83.0
560,83.0
561,-70.0
562,-355.0
563,83.0
564,-28.0
565,83.0
566,-360.0
567,83.0
568,-375.0
569,-385.0
570,95.0
571,95.0
572,-360.0
573,95.0
574,95.0
575,95.0
576,54.0
577,-385.0
578,-142.0
579,-73.0
580,83.0
581,25.0
582,-18.0
583,-365.0
584,95.0
585,-146.0
586,25.0
587,95.0
588,76.0
589,-380.0
590,95.0
591,95.0
592,42.0
593,76.0
594,95.0
595,-62.0
596,6.0
597,35.0
598,6.0
599,-190.0
600,47.0
601,76.0
602,-28.0
603,95.0
604,-370.0
605,-215.0
606,-355.0
607,83.0
608,-247.0
609,-258.0
610,38.0
611,-385.0
612,95.0
613,-395.0
614,95.0
615,-370.0
616,95.0
617,-365.0
618,95.0
619,95.0
620,25.0
621,-370.0
622,52.0
623,-104.0
624,57.0
625,83.0
626,-74.0
627,76.0
628,-134.0
629,57.0
630,-385.0
631,-380.0
632,-81.0
633,83.0
634,-5.0
635,-380.0
636,95.0
637,95.0
638,95.0
639,83.0
640,-370.0
641,-163.0
642,23.0
643,-5.0
644,-370.0
645,83.0
646,-380.0
647,71.0
648,95.0
649,95.0
650,95.0
651,-375.0
652,95.0
653,95.0
654,-350.0
655,95.0
656,-185.0
657,38.0
658,83.0
659,76.0
660,83.0
661,95.0
662,-360.0
663,-380.0
664,95.0
665,-375.0
666,95.0
667,13.0
668,95.0
669,-365.0
670,83.0
671,-370.0
672,-84.0
673,-360.0
674,95.0
675,95.0
676,-360.0
677,95.0
678,-177.0
679,64.0
680,95.0
681,-385.0
682,30.0
683,76.0
684,64.0
685,95.0
686,-390.0
687,-350.0
688,45.0
689,-370.0
690,-223.0
691,83.0
692,95.0
693,-365.0
694,95.0
695,95.0
696,-122.0
697,95.0
698,-375.0
699,-350.0
700,-219.0
701,-380.0
702,-127.0
703,95.0
704,54.0
705,-11.0
706,-30.0
707,-142.0
708,-258.0
709,83.0
710,38.0
711,11.0
712,-50.0
713,76.0
714,95.0
715,-185.0
716,95.0
717,83.0
718,-385.0
719,57.0
720,95.0
721,95.0
722,83.0
723,0.0
724,95.0
725,95.0
726,-273.0
727,95.0
728,95.0
729,6.0
730,-390.0
731,-50.0
732,-385.0
733,49.0
734,95.0
735,-31.0
736,95.0
737,-355.0
738,71.0
739,-208.0
740,95.0
741,-147.0
742,71.0
743,83.0
744,-40.0
745,-113.0
746,-8.0
747,-28.0
748,52.0
749,-385.0
750,95.0
751,95.0
752,95.0
753,66.0
754,-395.0
755,-385.0
756,95.0
757,-380.0
758,83.0
759,76.0
760,95.0
761,-109.0
762,-385.0
763,83.0
764,95.0
765,95.0
766,95.0
767,95.0
768,-248.0
769,95.0
770,95.0
771,83.0
772,76.0
773,95.0
774,95.0
775,33.0
776,76.0
777,-385.0
778,-67.0
779,95.0
780,95.0
781,95.0
782,-390.0
783,83.0
784,-380.0
785,95.0
786,95.0
787,83.0
788,95.0
789,95.0
790,95.0
791,37.0
792,95.0
793,-375.0
794,-72.0
795,76.0
796,-375.0
797,-33.0
798,13.0
799,95.0
800,-375.0
801,95.0
802,-168.0
803,95.0
804,95.0
805,-395.0
806,95.0
807,95.0
808,83.0
809,-375.0
810,-11.0
811,-4.0
812,95.0
813,-345.0
814,-57.0
815,-116.0
816,-370.0
817,83.0
818,1.0
819,95.0
820,-48.0
821,18.0
822,-181.0
823,-96.0
824,-151.0
825,95.0
826,-207.0
827,95.0
828,32.0
829,-375.0
830,-360.0
831,95.0
832,95.0
833,57.0
834,95.0
835,83.0
836,95.0
837,95.0
838,95.0
839,95.0
840,37.0
841,95.0
842,-186.0
843,95.0
844,-380.0
845,83.0
846,-360.0
847,-390.0
848,-375.0
849,-193.0
850,76.0
851,95.0
852,83.0
853,83.0
854,-30.0
855,45.0
856,83.0
857,95.0
858,95.0
859,95.0
860,95.0
861,95.0
862,-110.0
863,95.0
864,-139.0
865,-250.0
866,-365.0
867,-375.0
868,-18.0
869,95.0
870,-375.0
871,38.0
872,-360.0
873,95.0
874,-89.0
875,-365.0
876,95.0
877,-375.0
878,95.0
879,95.0
880,83.0
881,95.0
882,95.0
883,-390.0
884,47.0
885,-164.0
886,-390.0
887,95.0
888,83.0
889,95.0
890,-28.0
891,95.0
892,-24.0
893,-35.0
894,-28.0
895,-164.0
896,83.0
897,-170.0
898,-237.0
899,95.0
900,95.0
901,-390.0
902,3.0
903,95.0
904,-69.0
905,95.0
906,-385.0
907,-370.0
908,-161.0
909,-375.0
910,83.0
911,95.0
912,-160.0
913,-144.0
914,95.0
915,-380.0
916,-125.0
917,38.0
918,95.0
919,-38.0
920,95.0
921,-375.0
922,38.0
923,83.0
924,-72.0
925,95.0
926,95.0
927,45.0
928,95.0
929,83.0
930,-370.0
931,-98.0
932,95.0
933,-385.0
934,-385.0
935,95.0
936,95.0
937,47.0
938,95.0
939,95.0
940,38.0
941,71.0
942,95.0
943,95.0
944,95.0
945,95.0
946,95.0
947,95.0
948,66.0
949,95.0
950,95.0
951,95.0
952,71.0
953,95.0
954,47.0
955,-268.0
956,-23.0
957,-385.0
958,95.0
959,-390.0
960,-37.0
961,83.0
962,-370.0
963,95.0
964,95.0
965,-380.0
966,57.0
967,-231.0
968,95.0
969,95.0
970,-126.0
971,-76.0
972,95.0
973,83.0
974,-395.0
975,95.0
976,95.0
977,95.0
978,95.0
979,-202.0
980,42.0
981,-390.0
982,95.0
983,13.0
984,76.0
985,95.0
986,95.0
987,-116.0
988,-24.0
989,83.0
990,95.0
991,95.0
992,95.0
993,47.0
994,83.0
995,95.0
996,95.0
997,-32.0
998,95.0
999,95.0
1000,64.0
1001,-89.0
1002,32.0
1003,95.0
1004,-33.0
1005,95.0
1006,83.0
1007,71.0
1008,-385.0
1009,95.0
1010,95.0
1011,95.0
1012,95.0
1013,71.0
1014,-92.0
1015,95.0
1016,95.0
1017,-365.0
1018,-36.0
1019,-191.0
1020,25.0
1021,-380.0
1022,-395.0
1023,95.0
1024,-365.0
1025,-33.0
1026,95.0
1027,83.0
1028,95.0
1029,83.0
1030,-111.0
1031,19.0
1032,95.0
1033,95.0
1034,95.0
1035,95.0
1036,95.0
1037,95.0
1038,95.0
1039,95.0
1040,95.0
1041,95.0
1042,38.0
1043,-375.0
1044,52.0
1045,83.0
1046,95.0
1047,-380.0
1048,-9.0
1049,-70.0
1050,95.0
1051,95.0
1052,-24.0
1053,-26.0
1054,95.0
1055,95.0
1056,95.0
1057,37.0
1058,71.0
1059,95.0
1060,95.0
1061,83.0
1062,59.0
1063,66.0
1064,95.0
1065,42.0
1066,-390.0
1067,83.0
1068,83.0
1069,83.0
1070,95.0
1071,57.0
1072,-38.0
1073,95.0
1074,83.0
1075,-5.0
1076,-380.0
1077,-222.0
1078,95.0
1079,-365.0
1080,32.0
1081,95.0
1082,-67.0
1083,-355.0
1084,-259.0
1085,95.0
1086,-395.0
1087,6.0
1088,-370.0
1089,-375.0
1090,-390.0
1091,-248.0
1092,-62.0
1093,40.0
1094,-264.0
1095,95.0
1096,59.0
1097,95.0
1098,95.0
1099,-62.0
1100,-390.0
1101,95.0
1102,-380.0
1103,-395.0
1104,-375.0
1105,37.0
1106,-35.0
1107,76.0
1108,-370.0
1109,-385.0
1110,95.0
1111,-370.0
1112,-390.0
1113,83.0
1114,95.0
1115,95.0
1116,83.0
1117,-375.0
1118,-375.0
1119,95.0
1120,95.0
1121,95.0
1122,95.0
1123,-222.0
1124,95.0
1125,-390.0
1126,64.0
1127,95.0
1128,95.0
1129,83.0
1130,95.0
1131,-385.0
1132,64.0
1133,83.0
1134,-385.0
1135,83.0
1136,-280.0
1137,95.0
1138,95.0
1139,-370.0
1140,-380.0
1141,-375.0
1142,83.0
1143,95.0
1144,57.0
1145,83.0
1146,76.0
1147,-19.0
1148,-355.0
1149,-91.0
1150,95.0
1151,-390.0
1152,95.0
1153,-360.0
1154,-395.0
1155,-395.0
1156,-246.0
1157,-385.0
1158,95.0
1159,-153.0
1160,83.0
1161,-33.0
1162,95.0
1163,-375.0
1164,-166.0
1165,95.0
1166,95.0
1167,-385.0
1168,95.0
1169,-229.0
1170,95.0
1171,-89.0
1172,-31.0
1173,-55.0
1174,83.0
1175,95.0
1176,95.0
1177,-284.0
1178,59.0
1179,-390.0
1180,95.0
1181,95.0
1182,95.0
1183,-91.0
1184,-5.0
1185,2.0
1186,42.0
1187,95.0
1188,26.0
1189,42.0
1190,-390.0
1191,-385.0
1192,95.0
1193,-370.0
1194,-380.0
1195,-390.0
1196,71.0
1197,95.0
1198,-380.0
1199,-390.0
1200,-147.0
1201,-390.0
1202,95.0
1203,95.0
1204,-10.0
1205,-390.0
1206,-47.0
1207,-385.0
1208,-395.0
1209,-28.0
1210,71.0
1211,-6.0
1212,-380.0
1213,95.0
1214,95.0
1215,71.0
1216,-395.0
1217,83.0
1218,95.0
1219,95.0
1220,95.0
1221,83.0
1222,-219.0
1223,-380.0
1224,-365.0
1225,95.0
1226,-143.0
1227,95.0
1228,95.0
1229,95.0
1230,71.0
1231,95.0
1232,95.0
1233,-380.0
1234,-385.0
1235,95.0
1236,95.0
1237,64.0
1238,40.0
1239,95.0
1240,-395.0
1241,95.0
1242,-11.0
1243,-375.0
1244,-395.0
1245,19.0
1246,25.0
1247,37.0
1248,-380.0
1249,-380.0
1250,95.0
1251,95.0
1252,95.0
1253,-385.0
1254,95.0
1255,95.0
1256,-385.0
1257,-170.0
1258,-248.0
1259,71.0
1260,66.0
1261,-56.0
1262,-60.0
1263,66.0
1264,64.0
1265,95.0
1266,95.0
1267,-380.0
1268,-390.0
1269,95.0
1270,-18.0
1271,-375.0
1272,-375.0
1273,-395.0
1274,95.0
1275,95.0
1276,95.0
1277,71.0
1278,95.0
1279,-395.0
1280,-38.0
1281,45.0
1282,95.0
1283,95.0
1284,-74.0
1285,71.0
1286,-390.0
1287,18.0
1288,95.0
1289,95.0
1290,-390.0
1291,95.0
1292,76.0
1293,95.0
1294,95.0
1295,95.0
1296,95.0
1297,25.0
1298,83.0
1299,83.0
1300,71.0
1301,-390.0
1302,-400.0
1303,83.0
1304,-106.0
1305,95.0
1306,95.0
1307,71.0
1308,95.0
1309,83.0
1310,-46.0
1311,-395.0
1312,-385.0
1313,-132.0
1314,83.0
1315,95.0
1316,-59.0
1317,-365.0
1318,95.0
1319,95.0
1320,32.0
1321,95.0
1322,95.0
1323,64.0
1324,-375.0
1325,-395.0
1326,-26.0
1327,95.0
1328,-166.0
1329,95.0
1330,-27.0
1331,38.0
1332,95.0
1333,83.0
1334,-400.0
1335,95.0
1336,-365.0
1337,95.0
1338,95.0
1339,-395.0
1340,83.0
1341,66.0
1342,0.0
1343,0.0
1344,-139.0
1345,95.0
1346,95.0
1347,64.0
1348,30.0
1349,30.0
1350,64.0
1351,95.0
1352,76.0
1353,-370.0
1354,95.0
1355,-219.0
1356,-89.0
1357,95.0
1358,-175.0
1359,95.0
1360,-390.0
1361,95.0
1362,-390.0
1363,-385.0
1364,95.0
1365,95.0
1366,-395.0
1367,95.0
1368,95.0
1369,95.0
1370,-36.0
1371,20.0
1372,95.0
1373,-385.0
1374,-390.0
1375,95.0
1376,-200.0
1377,-375.0
1378,76.0
1379,-10.0
1380,95.0
1381,38.0
1382,-395.0
1383,95.0
1384,83.0
1385,95.0
1386,-385.0
1387,-395.0
1388,95.0
1389,35.0
1390,95.0
1391,-385.0
1392,95.0
1393,-193.0
1394,95.0
1395,-390.0
1396,-390.0
1397,95.0
1398,-19.0
1399,95.0
1400,-295.0
1401,18.0
1402,95.0
1403,95.0
1404,95.0
1405,95.0
1406,-400.0
1407,-53.0
1408,95.0
1409,95.0
1410,-365.0
1411,-395.0
1412,-149.0
1413,95.0
1414,83.0
1415,95.0
1416,95.0
1417,95.0
1418,-395.0
1419,95.0
1420,83.0
1421,95.0
1422,95.0
1423,-114.0
1424,83.0
1425,95.0
1426,95.0
1427,-390.0
1428,-36.0
1429,54.0
1430,95.0
1431,83.0
1432,95.0
1433,95.0
1434,-10.0
1435,95.0
1436,83.0
1437,-405.0
1438,95.0
1439,95.0
1440,95.0
1441,95.0
1442,-38.0
1443,95.0
1444,83.0
1445,-193.0
1446,71.0
1447,45.0
1448,-62.0
1449,-385.0
1450,95.0
1451,95.0
1452,83.0
1453,-380.0
1454,-395.0
1455,-395.0
1456,95.0
1457,95.0
1458,95.0
1459,20.0
1460,-390.0
1461,-390.0
1462,95.0
1463,-395.0
1464,95.0
1465,-395.0
1466,95.0
1467,-395.0
1468,-276.0
1469,83.0
1470,57.0
1471,-390.0
1472,-390.0
1473,95.0
1474,-183.0
1475,95.0
1476,-390.0
1477,95.0
1478,95.0
1479,95.0
1480,95.0
1481,52.0
1482,95.0
1483,66.0
1484,16.0
1485,-390.0
1486,38.0
1487,-380.0
1488,-39.0
1489,-395.0
1490,95.0
1491,95.0
1492,-57.0
1493,95.0
1494,95.0
1495,83.0
1496,83.0
1497,-62.0
1498,-385.0
1499,95.0
1500,-390.0
1501,95.0
1502,95.0
1503,-95.0
1504,95.0
1505,-395.0
1506,76.0
1507,83.0
1508,-89.0
1509,95.0
1510,14.0
1511,-103.0
1512,95.0
1513,-86.0
1514,95.0
1515,-395.0
1516,95.0
1517,95.0
1518,83.0
1519,95.0
1520,95.0
1521,-385.0
1522,95.0
1523,-4.0
1524,-390.0
1525,95.0
1526,71.0
1527,-380.0
1528,-395.0
1529,-390.0
1530,76.0
1531,95.0
1532,-405.0
1533,95.0
1534,95.0
1535,54.0
1536,-395.0
1537,-9.0
1538,-375.0
1539,95.0
1540,20.0
1541,-395.0
1542,95.0
1543,57.0
1544,95.0
1545,95.0
1546,95.0
1547,30.0
1548,-380.0
1549,95.0
1550,95.0
1551,-395.0
1552,-16.0
1553,-385.0
1554,-395.0
1555,95.0
1556,57.0
1557,95.0
1558,59.0
1559,-400.0
1560,95.0
1561,95.0
1562,95.0
1563,30.0
1564,-390.0
1565,-400.0
1566,-200.0
1567,76.0
1568,-203.0
1569,95.0
1570,83.0
1571,-395.0
1572,-62.0
1573,95.0
1574,83.0
1575,95.0
1576,95.0
1577,-375.0
1578,-248.0
1579,-390.0
1580,95.0
1581,-395.0
1582,-395.0
1583,95.0
1584,95.0
1585,-395.0
1586,95.0
1587,-390.0
1588,-390.0
1589,54.0
1590,38.0
1591,-227.0
1592,76.0
1593,95.0
1594,-390.0
1595,95.0
1596,95.0
1597,-400.0
1598,-390.0
1599,-385.0
1600,-390.0
1601,-5.0
1602,-92.0
1603,-395.0
1604,-390.0
1605,-400.0
1606,95.0
1607,83.0
1608,-169.0
1609,45.0
1610,45.0
1611,-395.0
1612,95.0
1613,95.0
1614,95.0
1615,-271.0
1616,-405.0
1617,-395.0
1618,95.0
1619,95.0
1620,-113.0
1621,95.0
1622,95.0
1623,-390.0
1624,-385.0
1625,95.0
1626,-56.0
1627,-395.0
1628,-253.0
1629,95.0
1630,-385.0
1631,-171.0
1632,-400.0
1633,19.0
1634,95.0
1635,76.0
1636,95.0
1637,64.0
1638,95.0
1639,95.0
1640,95.0
1641,-395.0
1642,95.0
1643,-380.0
1644,95.0
1645,-395.0
1646,95.0
1647,-400.0
1648,95.0
1649,95.0
1650,95.0
1651,76.0
1652,95.0
1653,95.0
1654,-45.0
1655,45.0
1656,37.0
1657,95.0
1658,95.0
1659,38.0
1660,95.0
1661,95.0
1662,95.0
1663,76.0
1664,-390.0
1665,95.0
1666,95.0
1667,83.0
1668,95.0
1669,-93.0
1670,95.0
1671,-405.0
1672,-9.0
1673,-405.0
1674,95.0
1675,-395.0
1676,-129.0
1677,-400.0
1678,-94.0
1679,76.0
1680,-38.0
1681,-395.0
1682,95.0
1683,-43.0
1684,95.0
1685,-118.0
1686,-239.0
1687,16.0
1688,-390.0
1689,95.0
1690,-390.0
1691,95.0
1692,95.0
1693,-390.0
1694,83.0
1695,95.0
1696,76.0
1697,-69.0
1698,95.0
1699,-385.0
1700,-400.0
1701,95.0
1702,-390.0
1703,83.0
1704,-395.0
1705,-190.0
1706,83.0
1707,-405.0
1708,83.0
1709,95.0
1710,95.0
1711,95.0
1712,95.0
1713,95.0
1714,76.0
1715,-400.0
1716,-141.0
1717,95.0
1718,-400.0
1719,-400.0
1720,-390.0
1721,95.0
1722,95.0
1723,95.0
1724,-400.0
1725,-400.0
1726,64.0
1727,-405.0
1728,26.0
1729,83.0
1730,95.0
1731,95.0
1732,95.0
1733,-380.0
1734,95.0
1735,83.0
1736,95.0
1737,95.0
1738,-400.0
1739,95.0
1740,95.0
1741,-395.0
1742,95.0
1743,76.0
1744,-380.0
1745,83.0
1746,-405.0
1747,95.0
1748,95.0
1749,95.0
1750,95.0
1751,95.0
1752,-219.0
1753,-234.0
1754,95.0
1755,-395.0
1756,-355.0
1757,83.0
1758,95.0
1759,-390.0
1760,57.0
1761,-375.0
1762,95.0
1763,-207.0
1764,-207.0
1765,-355.0
1766,95.0
1767,95.0
1768,95.0
1769,19.0
1770,95.0
1771,95.0
1772,83.0
1773,-175.0
1774,42.0
1775,54.0
1776,95.0
1777,95.0
1778,95.0
1779,38.0
1780,57.0
1781,95.0
1782,-380.0
1783,7.0
1784,-375.0
1785,1.0
1786,-385.0
1787,95.0
1788,-380.0
1789,71.0
1790,-74.0
1791,95.0
1792,38.0
1793,95.0
1794,83.0
1795,95.0
1796,-400.0
1797,95.0
1798,95.0
1799,-340.0
1800,64.0
1801,38.0
1802,95.0
1803,95.0
1804,95.0
1805,-365.0
1806,83.0
1807,95.0
1808,-9.0
1809,-16.0
1810,-390.0
1811,-395.0
1812,95.0
1813,57.0
1814,95.0
1815,32.0
1816,95.0
1817,-405.0
1818,95.0
1819,66.0
1820,-375.0
1821,95.0
1822,95.0
1823,-395.0
1824,3.0
1825,95.0
1826,-140.0
1827,95.0
1828,95.0
1829,57.0
1830,95.0
1831,95.0
1832,-385.0
1833,-188.0
1834,95.0
1835,30.0
1836,95.0
1837,-221.0
1838,95.0
1839,-101.0
1840,95.0
1841,95.0
1842,-182.0
1843,95.0
1844,95.0
1845,-390.0
1846,-365.0
1847,76.0
1848,95.0
1849,95.0
1850,-330.0
1851,-78.0
1852,-375.0
1853,95.0
1854,-390.0
1855,95.0
1856,95.0
1857,-370.0
1858,76.0
1859,-390.0
1860,83.0
1861,-380.0
1862,95.0
1863,-212.0
1864,-45.0
1865,95.0
1866,-84.0
1867,-380.0
1868,95.0
1869,95.0
1870,95.0
1871,95.0
1872,95.0
1873,-239.0
1874,38.0
1875,95.0
1876,95.0
1877,-280.0
1878,-120.0
1879,-45.0
1880,95.0
1881,95.0
1882,37.0
1883,37.0
1884,-370.0
1885,95.0
1886,-52.0
1887,95.0
1888,95.0
1889,76.0
1890,95.0
1891,83.0
1892,83.0
1893,95.0
1894,-375.0
1895,30.0
1896,95.0
1897,95.0
1898,95.0
1899,95.0
1900,95.0
1901,95.0
1902,95.0
1903,83.0
1904,47.0
1905,-335.0
1906,95.0
1907,95.0
1908,-365.0
1909,3.0
1910,95.0
1911,95.0
1912,95.0
1913,49.0
1914,95.0
1915,-84.0
1916,95.0
1917,95.0
1918,95.0
1919,-188.0
1920,83.0
1921,95.0
1922,95.0
1923,54.0
1924,-50.0
1925,-9.0
1926,95.0
1927,-126.0
1928,95.0
1929,-385.0
1930,-69.0
1931,95.0
1932,-235.0
1933,95.0
1934,95.0
1935,-176.0
1936,95.0
1937,-9.0
1938,95.0
1939,95.0
1940,-390.0
1941,-36.0
1942,95.0
1943,95.0
1944,-365.0
1945,95.0
1946,-4.0
1947,-273.0
1948,95.0
1949,95.0
1950,95.0
1951,-16.0
1952,95.0
1953,95.0
1954,-191.0
1955,-104.0
1956,95.0
1957,-141.0
1958,95.0
1959,95.0
1960,95.0
1961,-350.0
1962,95.0
1963,95.0
1964,-200.0
1965,95.0
1966,95.0
1967,95.0
1968,-320.0
1969,-380.0
1970,-124.0
1971,95.0
1972,-350.0
1973,-211.0
1974,83.0
1975,-148.0
1976,95.0
1977,66.0
1978,95.0
1979,3.0
1980,-385.0
1981,76.0
1982,-115.0
1983,-28.0
1984,-96.0
1985,-390.0
1986,-170.0
1987,-350.0
1988,83.0
1989,-229.0
1990,14.0
1991,95.0
1992,-350.0
1993,95.0
1994,-395.0
1995,95.0
1996,95.0
1997,-152.0
1998,76.0
1999,95.0
2000,-340.0
2001,95.0
2002,95.0
2003,95.0
2004,-11.0
2005,32.0
2006,-315.0
2007,49.0
2008,-177.0
2009,-375.0
2010,-395.0
2011,38.0
2012,95.0
2013,95.0
2014,95.0
2015,95.0
2016,95.0
2017,95.0
2018,83.0
2019,76.0
2020,95.0
2021,95.0
2022,76.0
2023,95.0
2024,-380.0
2025,83.0
2026,71.0
2027,-79.0
2028,95.0
2029,95.0
2030,95.0
2031,-365.0
2032,49.0
2033,95.0
2034,20.0
2035,-221.0
2036,-365.0
2037,-79.0
2038,-325.0
2039,30.0
2040,95.0
2041,95.0
2042,-365.0
2043,-14.0
2044,-79.0
2045,-67.0
2046,95.0
2047,95.0
2048,95.0
2049,95.0
2050,-360.0
2051,95.0
2052,-370.0
2053,95.0
2054,83.0
2055,-238.0
2056,95.0
2057,95.0
2058,-98.0
2059,76.0
2060,95.0
2061,95.0
2062,-335.0
2063,95.0
2064,83.0
2065,95.0
2066,95.0
2067,57.0
2068,95.0
2069,-168.0
2070,95.0
2071,95.0
2072,95.0
2073,83.0
2074,-370.0
2075,-320.0
2076,95.0
2077,66.0
2078,-118.0
2079,95.0
2080,-118.0
2081,95.0
2082,95.0
2083,66.0
2084,95.0
2085,-370.0
2086,20.0
2087,95.0
2088,95.0
2089,95.0
2090,-33.0
2091,-31.0
2092,-61.0
2093,25.0
2094,8.0
2095,-375.0
2096,49.0
2097,95.0
2098,95.0
2099,-91.0
2100,66.0
2101,-355.0
2102,95.0
2103,-84.0
2104,95.0
2105,95.0
2106,95.0
2107,95.0
2108,25.0
2109,95.0
2110,83.0
2111,95.0
2112,95.0
2113,95.0
2114,83.0
2115,95.0
2116,95.0
2117,95.0
2118,66.0
2119,95.0
2120,95.0
2121,95.0
2122,-365.0
2123,32.0
2124,-141.0
2125,-188.0
2126,95.0
2127,95.0
2128,95.0
2129,95.0
2130,95.0
2131,-385.0
2132,95.0
2133,76.0
2134,-144.0
2135,-340.0
2136,95.0
2137,95.0
2138,95.0
2139,57.0
2140,95.0
2141,95.0
2142,95.0
2143,-11.0
2144,95.0
2145,95.0
2146,95.0
2147,-161.0
2148,-146.0
2149,-340.0
2150,76.0
2151,95.0
2152,-350.0
2153,83.0
2154,-375.0
2155,95.0
2156,95.0
2157,83.0
2158,-360.0
2159,47.0
2160,95.0
2161,95.0
2162,95.0
2163,95.0
2164,95.0
2165,95.0
2166,-360.0
2167,-50.0
2168,-350.0
2169,95.0
2170,95.0
2171,-35.0
2172,95.0
2173,95.0
2174,95.0
2175,-59.0
2176,83.0
2177,95.0
2178,-370.0
2179,95.0
2180,8.0
2181,-350.0
2182,95.0
2183,95.0
2184,-55.0
2185,95.0
2186,95.0
2187,95.0
2188,-375.0
2189,-365.0
2190,95.0
2191,95.0
2192,-43.0
2193,95.0
2194,95.0
2195,83.0
2196,95.0
2197,-345.0
2198,95.0
2199,-154.0
2200,-375.0
2201,95.0
2202,95.0
2203,95.0
2204,83.0
2205,95.0
2206,95.0
2207,95.0
2208,1.0
2209,-81.0
2210,25.0
2211,83.0
2212,95.0
2213,-365.0
2214,-365.0
2215,18.0
2216,18.0
2217,-103.0
2218,95.0
2219,95.0
2220,-64.0
2221,-360.0
2222,-127.0
2223,-156.0
2224,66.0
2225,95.0
2226,95.0
2227,-74.0
2228,-365.0
2229,-375.0
2230,-50.0
2231,95.0
2232,11.0
2233,95.0
2234,95.0
2235,-355.0
2236,95.0
2237,-360.0
2238,95.0
2239,49.0
2240,83.0
2241,-4.0
2242,95.0
2243,-173.0
2244,66.0
2245,83.0
2246,25.0
2247,95.0
2248,76.0
2249,95.0
2250,66.0
2251,95.0
2252,-345.0
2253,-365.0
2254,95.0
2255,95.0
2256,-4.0
2257,95.0
2258,57.0
2259,-98.0
2260,95.0
2261,95.0
2262,95.0
2263,95.0
2264,95.0
2265,-67.0
2266,95.0
2267,-79.0
2268,-340.0
2269,95.0
2270,49.0
2271,-350.0
2272,95.0
2273,95.0
2274,-360.0
2275,-370.0
2276,-103.0
2277,95.0
2278,-360.0
2279,95.0
2280,95.0
2281,83.0
2282,-375.0
2283,-231.0
2284,-345.0
2285,95.0
2286,-365.0
2287,95.0
2288,-221.0
2289,95.0
2290,66.0
2291,6.0
2292,95.0
2293,95.0
2294,95.0
2295,95.0
2296,95.0
2297,95.0
2298,95.0
2299,20.0
2300,95.0
2301,71.0
2302,95.0
2303,95.0
2304,95.0
2305,11.0
2306,-370.0
2307,95.0
2308,-350.0
2309,-62.0
2310,95.0
2311,95.0
2312,-16.0
2313,95.0
2314,95.0
2315,49.0
2316,95.0
2317,-365.0
2318,95.0
2319,-173.0
2320,95.0
2321,95.0
2322,95.0
2323,-355.0
2324,-370.0
2325,-355.0
2326,95.0
2327,8.0
2328,95.0
2329,95.0
2330,-370.0
2331,6.0
2332,-360.0
2333,66.0
2334,95.0
2335,-360.0
2336,95.0
2337,-365.0
2338,-365.0
2339,95.0
2340,-365.0
2341,95.0
2342,95.0
2343,95.0
2344,-355.0
2345,-163.0
2346,95.0
2347,95.0
2348,66.0
2349,-365.0
2350,95.0
2351,95.0
2352,-335.0
2353,6.0
2354,95.0
2355,49.0
2356,95.0
2357,66.0
2358,-350.0
2359,-355.0
2360,-365.0
2361,95.0
2362,95.0
2363,49.0
2364,95.0
2365,-192.0
2366,95.0
2367,-350.0
2368,95.0
2369,95.0
2370,-355.0
2371,-355.0
2372,95.0
2373,83.0
2374,95.0
2375,95.0
2376,-355.0
2377,95.0
2378,95.0
2379,95.0
2380,95.0
2381,-132.0
2382,95.0
2383,95.0
2384,-33.0
2385,95.0
2386,95.0
2387,-360.0
2388,95.0
2389,95.0
2390,-365.0
2391,95.0
2392,95.0
2393,-360.0
2394,95.0
2395,-55.0
2396,95.0
2397,95.0
2398,95.0
2399,95.0
2400,95.0
2401,95.0
2402,95.0
2403,-355.0
2404,95.0
2405,95.0
2406,-355.0
2407,95.0
2408,95.0
2409,-365.0
2410,-365.0
2411,95.0
2412,6.0
2413,-360.0
2414,-4.0
2415,-62.0
2416,-370.0
2417,95.0
2418,95.0
2419,95.0
2420,95.0
2421,-360.0
2422,-365.0
2423,95.0
2424,95.0
2425,95.0
2426,25.0
2427,-370.0
2428,66.0
2429,95.0
2430,95.0
2431,95.0
2432,95.0
2433,95.0
2434,95.0
2435,49.0
2436,-355.0
2437,95.0
2438,-360.0
2439,95.0
2440,18.0
2441,95.0
2442,-4.0
2443,-183.0
2444,95.0
2445,95.0
2446,95.0
2447,95.0
2448,95.0
2449,95.0
2450,-16.0
2451,95.0
2452,95.0
2453,95.0
2454,95.0
2455,95.0
2456,-350.0
2457,95.0
2458,95.0
2459,95.0
2460,95.0
2461,-350.0
2462,95.0
2463,18.0
2464,95.0
2465,95.0
2466,95.0
2467,95.0
2468,-350.0
2469,-350.0
2470,25.0
2471,95.0
2472,95.0
2473,49.0
2474,-52.0
2475,66.0
2476,95.0
2477,95.0
2478,95.0
2479,95.0
2480,95.0
2481,13.0
2482,95.0
2483,95.0
2484,95.0
2485,95.0
2486,-180.0
2487,95.0
2488,95.0
2489,95.0
2490,-192.0
2491,-105.0
2492,-365.0
2493,95.0
2494,95.0
2495,-13.0
2496,95.0
2497,95.0
2498,95.0
2499,-360.0
2500,95.0
2501,95.0
2502,95.0
2503,64.0
2504,95.0
2505,95.0
2506,-81.0
2507,-360.0
2508,95.0
2509,-360.0
2510,95.0
2511,95.0
2512,95.0
2513,95.0
2514,95.0
2515,-355.0
2516,-40.0
2517,11.0
2518,-9.0
2519,18.0
2520,-355.0
2521,-130.0
2522,95.0
2523,66.0
2524,95.0
2525,95.0
2526,95.0
2527,-120.0
2528,-360.0
2529,25.0
2530,95.0
2531,-350.0
2532,66.0
2533,66.0
2534,-355.0
2535,95.0
2536,-360.0
2537,-350.0
2538,66.0
2539,-330.0
2540,-350.0
2541,95.0
2542,-345.0
2543,95.0
2544,25.0
2545,95.0
2546,95.0
2547,32.0
2548,95.0
2549,95.0
2550,-11.0
2551,49.0
2552,95.0
2553,-360.0
2554,95.0
2555,-69.0
2556,-50.0
2557,-98.0
2558,-345.0
2559,95.0
2560,-350.0
2561,-105.0
2562,95.0
2563,-365.0
2564,-340.0
2565,95.0
2566,-120.0
2567,95.0
2568,54.0
2569,66.0
2570,-350.0
2571,95.0
2572,-340.0
2573,95.0
2574,95.0
2575,95.0
2576,95.0
2577,95.0
2578,-340.0
2579,-182.0
2580,-224.0
2581,95.0
2582,71.0
2583,95.0
2584,95.0
2585,-9.0
2586,95.0
2587,20.0
2588,83.0
2589,-350.0
2590,66.0
2591,95.0
2592,95.0
2593,95.0
2594,-360.0
2595,95.0
2596,83.0
2597,95.0
2598,95.0
2599,-335.0
2600,95.0
2601,-355.0
2602,95.0
2603,95.0
2604,-178.0
2605,95.0
2606,95.0
2607,-204.0
2608,95.0
2609,95.0
2610,-345.0
2611,-355.0
2612,95.0
2613,95.0
2614,95.0
2615,95.0
2616,95.0
2617,-168.0
2618,-345.0
2619,25.0
2620,95.0
2621,-350.0
2622,95.0
2623,95.0
2624,95.0
2625,54.0
2626,95.0
2627,95.0
2628,-350.0
2629,95.0
2630,95.0
2631,95.0
2632,95.0
2633,95.0
2634,49.0
2635,66.0
2636,20.0
2637,95.0
2638,95.0
2639,66.0
2640,-350.0
2641,95.0
2642,95.0
2643,95.0
2644,35.0
2645,95.0
2646,-350.0
2647,-355.0
2648,83.0
2649,49.0
2650,95.0
2651,95.0
2652,95.0
2653,-350.0
2654,-355.0
2655,95.0
2656,95.0
2657,95.0
2658,-355.0
2659,-340.0
2660,95.0
2661,95.0
2662,95.0
2663,95.0
2664,57.0
2665,-209.0
2666,95.0
2667,-355.0
2668,95.0
2669,95.0
2670,49.0
2671,95.0
2672,95.0
2673,95.0
2674,95.0
2675,95.0
2676,-350.0
2677,25.0
2678,95.0
2679,-340.0
2680,95.0
2681,95.0
2682,95.0
2683,95.0
2684,-213.0
2685,95.0
2686,-330.0
2687,-355.0
2688,-8.0
2689,-345.0
2690,95.0
2691,-74.0
2692,-350.0
2693,95.0
2694,95.0
2695,-345.0
2696,-340.0
2697,76.0
2698,95.0
2699,95.0
2700,95.0
2701,95.0
2702,95.0
2703,95.0
2704,-340.0
2705,95.0
2706,95.0
2707,95.0
2708,95.0
2709,-360.0
2710,95.0
2711,-350.0
2712,95.0
2713,95.0
2714,95.0
2715,76.0
2716,76.0
2717,95.0
2718,95.0
2719,95.0
2720,95.0
2721,95.0
2722,-350.0
2723,66.0
2724,95.0
2725,66.0
2726,-365.0
2727,57.0
2728,95.0
2729,95.0
2730,25.0
2731,-360.0
2732,-340.0
2733,66.0
2734,49.0
2735,-335.0
2736,-350.0
2737,71.0
2738,95.0
2739,95.0
2740,-127.0
2741,-350.0
2742,-365.0
2743,-197.0
2744,95.0
2745,95.0
2746,95.0
2747,95.0
2748,-355.0
2749,95.0
2750,95.0
2751,83.0
2752,95.0
2753,-158.0
2754,95.0
2755,66.0
2756,95.0
2757,95.0
2758,-360.0
2759,-360.0
2760,95.0
2761,-345.0
2762,47.0
2763,95.0
2764,95.0
2765,49.0
2766,95.0
2767,-45.0
2768,-25.0
2769,-125.0
2770,95.0
2771,95.0
2772,95.0
2773,57.0
2774,95.0
2775,54.0
2776,95.0
2777,95.0
2778,-6.0
2779,-127.0
2780,95.0
2781,-335.0
2782,-350.0
2783,95.0
2784,95.0
2785,95.0
2786,95.0
2787,-146.0
2788,-340.0
2789,-340.0
2790,95.0
2791,95.0
2792,-127.0
2793,-91.0
2794,95.0
2795,95.0
2796,95.0
2797,95.0
2798,95.0
2799,95.0
2800,95.0
2801,95.0
2802,95.0
2803,95.0
2804,95.0
2805,49.0
2806,95.0
2807,-33.0
2808,95.0
2809,95.0
2810,49.0
2811,95.0
2812,6.0
2813,95.0
2814,95.0
2815,-144.0
2816,-340.0
2817,-350.0
2818,95.0
2819,-340.0
2820,-325.0
2821,95.0
2822,95.0
2823,95.0
2824,95.0
2825,-330.0
2826,-158.0
2827,49.0
2828,95.0
2829,95.0
2830,95.0
2831,-136.0
2832,95.0
2833,95.0
2834,95.0
2835,95.0
2836,-355.0
2837,-30.0
2838,95.0
2839,95.0
2840,95.0
2841,1.0
2842,1.0
2843,76.0
2844,71.0
2845,95.0
2846,95.0
2847,95.0
2848,95.0
2849,95.0
2850,95.0
2851,95.0
2852,1.0
2853,95.0
2854,95.0
2855,95.0
2856,-4.0
2857,-38.0
2858,-23.0
2859,-325.0
2860,95.0
2861,95.0
2862,-325.0
2863,95.0
2864,95.0
2865,95.0
2866,95.0
2867,6.0
2868,11.0
2869,49.0
2870,83.0
2871,95.0
2872,95.0
2873,95.0
2874,95.0
2875,95.0
2876,-310.0
2877,49.0
2878,95.0
2879,95.0
2880,95.0
2881,95.0
2882,95.0
2883,95.0
2884,95.0
2885,-345.0
2886,1.0
2887,-330.0
2888,95.0
2889,95.0
2890,-310.0
2891,66.0
2892,-355.0
2893,-8.0
2894,-315.0
2895,95.0
2896,95.0
2897,-305.0
2898,95.0
2899,95.0
2900,-345.0
2901,-134.0
2902,95.0
2903,95.0
2904,83.0
2905,95.0
2906,-380.0
2907,-71.0
2908,95.0
2909,95.0
2910,95.0
2911,95.0
2912,83.0
2913,54.0
2914,42.0
2915,-325.0
2916,-13.0
2917,95.0
2918,95.0
2919,95.0
2920,95.0
2921,-80.0
2922,-330.0
2923,95.0
2924,95.0
2925,95.0
2926,95.0
2927,-330.0
2928,95.0
2929,66.0
2930,1.0
2931,-124.0
2932,95.0
2933,95.0
2934,95.0
2935,-35.0
2936,-330.0
2937,95.0
2938,76.0
2939,95.0
2940,95.0
2941,-110.0
2942,-365.0
2943,25.0
2944,95.0
2945,95.0
2946,-360.0
2947,-335.0
2948,95.0
2949,-35.0
2950,-355.0
2951,76.0
2952,-226.0
2953,49.0
2954,95.0
2955,95.0
2956,-204.0
2957,76.0
2958,-350.0
2959,-355.0
2960,76.0
2961,95.0
2962,95.0
2963,83.0
2964,76.0
2965,-136.0
2966,95.0
2967,-40.0
2968,-192.0
2969,49.0
2970,95.0
2971,95.0
2972,95.0
2973,95.0
2974,66.0
2975,49.0
2976,37.0
2977,95.0
2978,83.0
2979,-370.0
2980,95.0
2981,95.0
2982,-380.0
2983,-6.0
2984,95.0
2985,-375.0
2986,95.0
2987,76.0
2988,95.0
2989,66.0
2990,95.0
2991,95.0
2992,-380.0
2993,95.0
2994,76.0
2995,95.0
2996,37.0
2997,95.0
2998,95.0
2999,-13.0
3000,-360.0
3001,52.0
3002,95.0
3003,76.0
3004,-64.0
3005,95.0
3006,-370.0
3007,95.0
3008,95.0
3009,95.0
3010,-127.0
3011,95.0
3012,95.0
3013,-380.0
3014,95.0
3015,-86.0
3016,95.0
3017,95.0
3018,95.0
3019,-25.0
3020,71.0
3021,95.0
3022,95.0
3023,-222.0
3024,95.0
3025,95.0
3026,95.0
3027,95.0
3028,95.0
3029,-197.0
3030,-340.0
3031,95.0
3032,95.0
3033,95.0
3034,95.0
3035,95.0
3036,-6.0
3037,95.0
3038,-365.0
3039,95.0
3040,95.0
3041,95.0
3042,38.0
3043,-47.0
3044,-365.0
3045,95.0
3046,95.0
3047,76.0
3048,95.0
3049,76.0
3050,-365.0
3051,-375.0
3052,-365.0
3053,49.0
3054,95.0
3055,95.0
3056,95.0
3057,-355.0
3058,95.0
3059,-350.0
3060,95.0
3061,-350.0
3062,83.0
3063,95.0
3064,-375.0
3065,95.0
3066,95.0
3067,95.0
3068,95.0
3069,18.0
3070,-325.0
3071,95.0
3072,-315.0
3073,-325.0
3074,95.0
3075,-335.0
3076,59.0
3077,-320.0
3078,95.0
3079,95.0
3080,95.0
3081,64.0
3082,52.0
3083,95.0
3084,-310.0
3085,95.0
3086,76.0
3087,95.0
3088,95.0
3089,1.0
3090,95.0
3091,95.0
3092,95.0
3093,71.0
3094,95.0
3095,95.0
3096,95.0
3097,95.0
3098,49.0
3099,83.0
3100,95.0
3101,40.0
3102,95.0
3103,-79.0
3104,95.0
3105,-315.0
3106,-219.0
3107,95.0
3108,30.0
3109,95.0
3110,95.0
3111,95.0
3112,83.0
3113,95.0
3114,-315.0
3115,-335.0
3116,-325.0
3117,-330.0
3118,95.0
3119,95.0
3120,95.0
3121,95.0
3122,-315.0
3123,95.0
3124,95.0
3125,95.0
3126,95.0
3127,71.0
3128,95.0
3129,-310.0
3130,71.0
3131,95.0
3132,95.0
3133,71.0
3134,95.0
3135,-325.0
3136,95.0
3137,95.0
3138,95.0
3139,66.0
3140,95.0
3141,95.0
3142,95.0
3143,95.0
3144,95.0
3145,95.0
3146,95.0
3147,95.0
3148,95.0
3149,95.0
3150,95.0
3151,95.0
3152,95.0
3153,95.0
3154,-305.0
3155,95.0
3156,95.0
3157,-310.0
3158,95.0
3159,47.0
3160,-310.0
3161,95.0
3162,71.0
3163,54.0
3164,95.0
3165,37.0
3166,-310.0
3167,95.0
3168,59.0
3169,-315.0
3170,95.0
3171,95.0
3172,95.0
3173,95.0
3174,95.0
3175,-305.0
3176,-365.0
3177,-375.0
3178,83.0
3179,95.0
3180,-310.0
3181,-310.0
3182,95.0
3183,95.0
3184,95.0
3185,95.0
3186,-300.0
3187,95.0
3188,83.0
3189,83.0
3190,54.0
3191,59.0
3192,95.0
3193,95.0
3194,95.0
3195,83.0
3196,95.0
3197,-305.0
3198,95.0
3199,71.0
3200,95.0
3201,95.0
3202,95.0
3203,83.0
3204,95.0
3205,95.0
3206,95.0
3207,54.0
3208,95.0
3209,30.0
3210,95.0
3211,95.0
3212,54.0
3213,95.0
3214,95.0
3215,95.0
3216,83.0
3217,95.0
3218,95.0
3219,59.0
3220,71.0
3221,59.0
3222,95.0
3223,95.0
3224,-6.0
3225,95.0
3226,-375.0
3227,95.0
3228,-305.0
3229,95.0
3230,47.0
3231,-40.0
3232,83.0
3233,95.0
3234,95.0
3235,95.0
3236,95.0
3237,71.0
3238,83.0
3239,83.0
3240,95.0
3241,95.0
3242,95.0
3243,95.0
3244,95.0
3245,95.0
3246,95.0
3247,95.0
3248,95.0
3249,95.0
3250,83.0
3251,95.0
3252,95.0
3253,95.0
3254,-310.0
3255,-305.0
3256,25.0
3257,95.0
3258,95.0
3259,95.0
3260,95.0
3261,71.0
3262,95.0
3263,13.0
3264,95.0
3265,40.0
3266,1.0
3267,30.0
3268,-310.0
3269,95.0
3270,95.0
3271,95.0
3272,95.0
3273,95.0
3274,95.0
3275,54.0
3276,71.0
3277,95.0
3278,-310.0
3279,95.0
3280,95.0
3281,95.0
3282,-305.0
3283,95.0
3284,95.0
3285,95.0
3286,-320.0
3287,95.0
3288,95.0
3289,-380.0
3290,95.0
3291,95.0
3292,95.0
3293,95.0
3294,-305.0
3295,95.0
3296,-325.0
3297,95.0
3298,83.0
3299,95.0
3300,54.0
3301,95.0
3302,83.0
3303,-305.0
3304,95.0
3305,95.0
3306,95.0
3307,95.0
3308,-320.0
3309,83.0
3310,54.0
3311,95.0
3312,-85.0
3313,-340.0
3314,95.0
3315,95.0
3316,95.0
3317,95.0
3318,-305.0
3319,42.0
3320,95.0
3321,95.0
3322,6.0
3323,95.0
3324,95.0
3325,42.0
3326,95.0
3327,95.0
3328,95.0
3329,95.0
3330,59.0
3331,-330.0
3332,95.0
3333,95.0
3334,95.0
3335,71.0
3336,95.0
3337,18.0
3338,32.0
3339,95.0
3340,95.0
3341,40.0
3342,-33.0
3343,95.0
3344,95.0
3345,71.0
3346,-330.0
3347,59.0
3348,95.0
3349,-35.0
3350,95.0
3351,95.0
3352,11.0
3353,95.0
3354,95.0
3355,95.0
3356,42.0
3357,71.0
3358,95.0
3359,95.0
3360,95.0
3361,95.0
3362,95.0
3363,47.0
3364,71.0
3365,-315.0
3366,83.0
3367,-90.0
3368,-335.0
3369,95.0
3370,95.0
3371,95.0
3372,95.0
3373,95.0
3374,95.0
3375,95.0
3376,95.0
3377,-330.0
3378,49.0
3379,95.0
3380,95.0
3381,95.0
3382,95.0
3383,95.0
3384,95.0
3385,83.0
3386,95.0
3387,95.0
3388,95.0
3389,95.0
3390,-310.0
3391,95.0
3392,-310.0
3393,95.0
3394,95.0
3395,95.0
3396,95.0
3397,95.0
3398,95.0
3399,-310.0
3400,95.0
3401,-315.0
3402,95.0
3403,-124.0
3404,95.0
3405,95.0
3406,95.0
3407,95.0
3408,54.0
3409,95.0
3410,-315.0
3411,95.0
3412,95.0
3413,-330.0
3414,-320.0
3415,83.0
3416,-310.0
3417,-30.0
3418,95.0
3419,76.0
3420,83.0
3421,95.0
3422,95.0
3423,95.0
3424,59.0
3425,95.0
3426,54.0
3427,71.0
3428,95.0
3429,95.0
3430,83.0
3431,95.0
3432,-57.0
3433,95.0
3434,95.0
3435,95.0
3436,8.0
3437,95.0
3438,-208.0
3439,95.0
3440,95.0
3441,71.0
3442,71.0
3443,95.0
3444,95.0
3445,95.0
3446,-315.0
3447,95.0
3448,54.0
3449,42.0
3450,95.0
3451,95.0
3452,95.0
3453,71.0
3454,95.0
3455,95.0
3456,95.0
3457,71.0
3458,83.0
3459,71.0
3460,95.0
3461,95.0
3462,54.0
3463,-310.0
3464,95.0
3465,95.0
3466,95.0
3467,95.0
3468,83.0
3469,95.0
3470,95.0
3471,95.0
3472,95.0
3473,95.0
3474,71.0
3475,8.0
3476,95.0
3477,-305.0
3478,95.0
3479,-305.0
3480,95.0
3481,95.0
3482,71.0
3483,95.0
3484,-325.0
3485,-325.0
3486,95.0
3487,52.0
3488,-6.0
3489,71.0
3490,95.0
3491,95.0
3492,83.0
3493,95.0
3494,95.0
3495,54.0
3496,6.0
3497,95.0
3498,95.0
3499,95.0
3500,95.0
3501,95.0
3502,95.0
3503,95.0
3504,-4.0
3505,-315.0
3506,95.0
3507,83.0
3508,95.0
3509,95.0
3510,95.0
3511,95.0
3512,95.0
3513,95.0
3514,-117.0
3515,-320.0
3516,54.0
3517,95.0
3518,71.0
3519,95.0
3520,42.0
3521,42.0
3522,47.0
3523,95.0
3524,71.0
3525,76.0
3526,95.0
3527,54.0
3528,-310.0
3529,83.0
3530,23.0
3531,-16.0
3532,95.0
3533,95.0
3534,13.0
3535,95.0
3536,71.0
3537,83.0
3538,95.0
3539,95.0
3540,95.0
3541,95.0
3542,8.0
3543,66.0
3544,95.0
3545,95.0
3546,95.0
3547,95.0
3548,-305.0
3549,95.0
3550,95.0
3551,71.0
3552,95.0
3553,95.0
3554,95.0
3555,71.0
3556,64.0
3557,-305.0
3558,95.0
3559,95.0
3560,76.0
3561,95.0
3562,95.0
3563,71.0
3564,66.0
3565,95.0
3566,95.0
3567,95.0
3568,95.0
3569,54.0
3570,95.0
3571,95.0
3572,6.0
3573,71.0
3574,49.0
3575,95.0
3576,-90.0
3577,95.0
3578,-310.0
3579,-102.0
3580,35.0
3581,76.0
3582,95.0
3583,-310.0
3584,95.0
3585,95.0
3586,95.0
3587,95.0
3588,95.0
3589,95.0
3590,95.0
3591,83.0
3592,95.0
3593,95.0
3594,1.0
3595,28.0
3596,25.0
3597,95.0
3598,95.0
3599,83.0
3600,95.0
3601,71.0
3602,-25.0
3603,95.0
3604,76.0
3605,95.0
3606,54.0
3607,95.0
3608,95.0
3609,95.0
3610,-305.0
3611,95.0
3612,95.0
3613,95.0
3614,95.0
3615,35.0
3616,95.0
3617,95.0
3618,95.0
3619,71.0
3620,95.0
3621,95.0
3622,83.0
3623,95.0
3624,95.0
3625,95.0
3626,95.0
3627,95.0
3628,83.0
3629,71.0
3630,95.0
3631,95.0
3632,-310.0
3633,95.0
3634,95.0
3635,95.0
3636,95.0
3637,95.0
3638,18.0
3639,95.0
3640,95.0
3641,95.0
3642,-305.0
3643,-26.0
3644,83.0
3645,-315.0
3646,95.0
3647,95.0
3648,95.0
3649,95.0
3650,-320.0
3651,-315.0
3652,37.0
3653,95.0
3654,-21.0
3655,95.0
3656,95.0
3657,66.0
3658,95.0
3659,95.0
3660,95.0
3661,95.0
3662,54.0
3663,71.0
3664,95.0
3665,-315.0
3666,95.0
3667,95.0
3668,-310.0
3669,95.0
3670,-175.0
3671,95.0
3672,95.0
3673,95.0
3674,6.0
3675,95.0
3676,71.0
3677,71.0
3678,-315.0
3679,95.0
3680,95.0
3681,-315.0
3682,66.0
3683,95.0
3684,95.0
3685,95.0
3686,95.0
3687,95.0
3688,95.0
3689,-315.0
3690,83.0
3691,95.0
3692,95.0
3693,-310.0
3694,95.0
3695,-305.0
3696,-305.0
3697,52.0
3698,13.0
3699,6.0
3700,83.0
3701,95.0
3702,95.0
3703,95.0
3704,95.0
3705,59.0
3706,95.0
3707,95.0
3708,95.0
3709,3.0
3710,71.0
3711,-163.0
3712,95.0
3713,95.0
3714,54.0
3715,95.0
3716,95.0
3717,30.0
3718,83.0
3719,95.0
3720,37.0
3721,37.0
3722,71.0
3723,95.0
3724,95.0
3725,95.0
3726,64.0
3727,64.0
3728,95.0
3729,95.0
3730,71.0
3731,95.0
3732,-105.0
3733,95.0
3734,95.0
3735,95.0
3736,95.0
3737,71.0
3738,37.0
3739,-13.0
3740,95.0
3741,64.0
3742,95.0
3743,95.0
3744,71.0
3745,95.0
3746,95.0
3747,95.0
3748,71.0
3749,95.0
3750,37.0
3751,83.0
3752,95.0
3753,95.0
3754,83.0
3755,95.0
3756,76.0
3757,-11.0
3758,52.0
3759,95.0
3760,95.0
3761,83.0
3762,95.0
3763,71.0
3764,95.0
3765,95.0
3766,95.0
3767,95.0
3768,95.0
3769,-310.0
3770,95.0
3771,18.0
3772,95.0
3773,83.0
3774,83.0
3775,95.0
3776,95.0
3777,95.0
3778,95.0
3779,71.0
3780,-152.0
3781,95.0
3782,-320.0
3783,71.0
3784,95.0
3785,95.0
3786,95.0
3787,95.0
3788,-315.0
3789,95.0
3790,54.0
3791,6.0
3792,64.0
3793,95.0
3794,95.0
3795,49.0
3796,95.0
3797,71.0
3798,49.0
3799,95.0
3800,95.0
3801,95.0
3802,83.0
3803,71.0
3804,71.0
3805,95.0
3806,95.0
3807,95.0
3808,95.0
3809,95.0
3810,95.0
3811,95.0
3812,42.0
3813,95.0
3814,95.0
3815,76.0
3816,95.0
3817,95.0
3818,52.0
3819,71.0
3820,95.0
3821,95.0
3822,52.0
3823,95.0
3824,47.0
3825,6.0
3826,95.0
3827,95.0
3828,83.0
3829,71.0
3830,83.0
3831,95.0
3832,95.0
3833,83.0
3834,95.0
3835,95.0
3836,95.0
3837,54.0
3838,95.0
3839,95.0
3840,95.0
3841,95.0
3842,95.0
3843,95.0
3844,42.0
3845,83.0
3846,95.0
3847,95.0
3848,-11.0
3849,95.0
3850,71.0
3851,83.0
3852,95.0
3853,95.0
3854,95.0
3855,95.0
3856,95.0
3857,83.0
3858,95.0
3859,95.0
3860,54.0
3861,66.0
3862,49.0
3863,71.0
3864,95.0
3865,66.0
3866,71.0
3867,-74.0
3868,95.0
3869,95.0
3870,95.0
3871,59.0
3872,-35.0
3873,71.0
3874,71.0
3875,95.0
3876,-45.0
3877,66.0
3878,18.0
3879,23.0
3880,95.0
3881,95.0
3882,64.0
3883,95.0
3884,95.0
3885,71.0
3886,59.0
3887,4.0
3888,-152.0
3889,95.0
3890,95.0
3891,-104.0
3892,95.0
3893,95.0
3894,-6.0
3895,95.0
3896,71.0
3897,95.0
3898,95.0
3899,95.0
3900,71.0
3901,95.0
3902,95.0
3903,83.0
3904,95.0
3905,49.0
3906,83.0
3907,95.0
3908,-23.0
3909,95.0
3910,95.0
3911,64.0
3912,95.0
3913,95.0
3914,54.0
3915,71.0
3916,95.0
3917,66.0
3918,35.0
3919,-226.0
3920,95.0
3921,95.0
3922,47.0
3923,95.0
3924,13.0
3925,59.0
3926,95.0
3927,95.0
3928,71.0
3929,71.0
3930,95.0
3931,95.0
3932,52.0
3933,95.0
3934,95.0
3935,95.0
3936,71.0
3937,95.0
3938,95.0
3939,-1.0
3940,11.0
3941,71.0
3942,76.0
3943,64.0
3944,95.0
3945,95.0
3946,-4.0
3947,95.0
3948,95.0
3949,76.0
3950,95.0
3951,95.0
3952,83.0
3953,54.0
3954,28.0
3955,95.0
3956,71.0
3957,71.0
3958,95.0
3959,83.0
3960,95.0
3961,95.0
3962,95.0
3963,42.0
3964,71.0
3965,95.0
3966,95.0
3967,95.0
3968,95.0
3969,64.0
3970,71.0
3971,71.0
3972,95.0
3973,95.0
3974,-86.0
3975,95.0
3976,71.0
3977,95.0
3978,83.0
3979,95.0
3980,76.0
3981,95.0
3982,95.0
3983,83.0
3984,83.0
3985,95.0
3986,95.0
3987,95.0
3988,95.0
3989,95.0
3990,95.0
3991,95.0
3992,95.0
3993,-345.0
3994,95.0
3995,83.0
3996,66.0
3997,11.0
3998,95.0
3999,71.0
4000,-16.0
4001,95.0
4002,95.0
4003,95.0
4004,95.0
4005,-42.0
4006,52.0
4007,54.0
4008,95.0
4009,95.0
4010,95.0
4011,95.0
4012,95.0
4013,95.0
4014,95.0
4015,83.0
4016,54.0
4017,95.0
4018,95.0
4019,71.0
4020,95.0
4021,95.0
4022,95.0
4023,64.0
4024,-64.0
4025,95.0
4026,25.0
4027,-23.0
4028,95.0
4029,95.0
4030,95.0
4031,66.0
4032,95.0
4033,83.0
4034,95.0
4035,95.0
4036,71.0
4037,95.0
4038,83.0
4039,49.0
4040,95.0
4041,71.0
4042,95.0
4043,95.0
4044,13.0
4045,95.0
4046,95.0
4047,71.0
4048,40.0
4049,83.0
4050,64.0
4051,71.0
4052,30.0
4053,25.0
4054,42.0
4055,95.0
4056,95.0
4057,95.0
4058,95.0
4059,71.0
4060,95.0
4061,95.0
4062,95.0
4063,95.0
4064,95.0
4065,37.0
4066,95.0
4067,71.0
4068,-28.0
4069,83.0
4070,64.0
4071,64.0
4072,95.0
4073,95.0
4074,8.0
4075,95.0
4076,71.0
4077,40.0
4078,95.0
4079,95.0
4080,95.0
4081,95.0
4082,83.0
4083,95.0
4084,83.0
4085,95.0
4086,95.0
4087,76.0
4088,95.0
4089,95.0
4090,59.0
4091,95.0
4092,71.0
4093,95.0
4094,71.0
4095,95.0
4096,95.0
4097,95.0
4098,95.0
4099,71.0
4100,95.0
4101,83.0
4102,95.0
4103,95.0
4104,95.0
4105,71.0
4106,83.0
4107,76.0
4108,95.0
4109,42.0
4110,-141.0
4111,59.0
4112,95.0
4113,95.0
4114,64.0
4115,95.0
4116,76.0
4117,95.0
4118,76.0
4119,40.0
4120,95.0
4121,95.0
4122,95.0
4123,95.0
4124,95.0
4125,71.0
4126,-4.0
4127,71.0
4128,95.0
4129,-122.0
4130,71.0
4131,95.0
4132,42.0
4133,83.0
4134,64.0
4135,95.0
4136,66.0
4137,52.0
4138,95.0
4139,71.0
4140,95.0
4141,66.0
4142,95.0
4143,95.0
4144,71.0
4145,83.0
4146,71.0
4147,49.0
4148,71.0
4149,32.0
4150,42.0
4151,71.0
4152,95.0
4153,95.0
4154,95.0
4155,71.0
4156,49.0
4157,95.0
4158,95.0
4159,95.0
4160,95.0
4161,83.0
4162,95.0
4163,95.0
4164,95.0
4165,83.0
4166,95.0
4167,95.0
4168,83.0
4169,95.0
4170,83.0
4171,95.0
4172,71.0
4173,95.0
4174,42.0
4175,71.0
4176,95.0
4177,95.0
4178,42.0
4179,95.0
4180,95.0
4181,52.0
4182,64.0
4183,95.0
4184,95.0
4185,95.0
4186,59.0
4187,95.0
4188,71.0
4189,95.0
4190,76.0
4191,71.0
4192,95.0
4193,71.0
4194,95.0
4195,64.0
4196,95.0
4197,95.0
4198,11.0
4199,95.0
4200,83.0
4201,76.0
4202,71.0
4203,95.0
4204,95.0
4205,83.0
4206,95.0
4207,59.0
4208,95.0
4209,95.0
4210,95.0
4211,95.0
4212,71.0
4213,54.0
4214,30.0
4215,95.0
4216,95.0
4217,95.0
4218,95.0
4219,95.0
4220,95.0
4221,95.0
4222,71.0
4223,95.0
4224,95.0
4225,83.0
4226,95.0
4227,95.0
4228,71.0
4229,83.0
4230,71.0
4231,71.0
4232,95.0
4233,83.0
4234,28.0
4235,95.0
4236,95.0
4237,66.0
4238,11.0
4239,95.0
4240,95.0
4241,47.0
4242,95.0
4243,49.0
4244,95.0
4245,95.0
4246,59.0
4247,71.0
4248,83.0
4249,83.0
4250,23.0
4251,25.0
4252,76.0
4253,-330.0
4254,95.0
4255,95.0
4256,64.0
4257,95.0
4258,95.0
4259,95.0
4260,95.0
4261,-335.0
4262,42.0
4263,95.0
4264,95.0
4265,-81.0
4266,95.0
4267,76.0
4268,-4.0
4269,95.0
4270,95.0
4271,95.0
4272,18.0
4273,-23.0
4274,95.0
4275,11.0
4276,95.0
4277,83.0
4278,95.0
4279,95.0
4280,42.0
4281,71.0
4282,-4.0
4283,71.0
4284,95.0
4285,95.0
4286,30.0
4287,95.0
4288,95.0
4289,95.0
4290,42.0
4291,71.0
4292,95.0
4293,83.0
4294,83.0
4295,71.0
4296,13.0
4297,71.0
4298,95.0
4299,59.0
4300,83.0
4301,95.0
4302,42.0
4303,71.0
4304,95.0
4305,47.0
4306,95.0
4307,95.0
4308,95.0
4309,95.0
4310,95.0
4311,83.0
4312,95.0
4313,95.0
4314,83.0
4315,95.0
4316,83.0
4317,95.0
4318,83.0
4319,25.0
4320,95.0
4321,95.0
4322,25.0
4323,71.0
4324,49.0
4325,95.0
4326,95.0
4327,95.0
4328,95.0
4329,83.0
4330,-345.0
4331,95.0
4332,49.0
4333,71.0
4334,71.0
4335,71.0
4336,54.0
4337,95.0
4338,95.0
4339,95.0
4340,83.0
4341,54.0
4342,49.0
4343,13.0
4344,37.0
4345,-360.0
4346,95.0
4347,95.0
4348,54.0
4349,13.0
4350,83.0
4351,52.0
4352,71.0
4353,95.0
4354,83.0
4355,95.0
4356,83.0
4357,95.0
4358,83.0
4359,95.0
4360,95.0
4361,95.0
4362,95.0
4363,95.0
4364,95.0
4365,71.0
4366,95.0
4367,71.0
4368,71.0
4369,25.0
4370,6.0
4371,95.0
4372,95.0
4373,95.0
4374,-325.0
4375,-315.0
4376,95.0
4377,95.0
4378,71.0
4379,83.0
4380,66.0
4381,71.0
4382,95.0
4383,71.0
4384,71.0
4385,95.0
4386,95.0
4387,95.0
4388,59.0
4389,95.0
4390,95.0
4391,76.0
4392,95.0
4393,95.0
4394,95.0
4395,95.0
4396,95.0
4397,83.0
4398,95.0
4399,95.0
4400,95.0
4401,95.0
4402,95.0
4403,71.0
4404,95.0
4405,95.0
4406,95.0
4407,71.0
4408,71.0
4409,95.0
4410,95.0
4411,95.0
4412,95.0
4413,-64.0
4414,49.0
4415,83.0
4416,-40.0
4417,95.0
4418,83.0
4419,95.0
4420,37.0
4421,71.0
4422,95.0
4423,76.0
4424,95.0
4425,83.0
4426,95.0
4427,11.0
4428,95.0
4429,95.0
4430,30.0
4431,71.0
4432,95.0
4433,71.0
4434,6.0
4435,71.0
4436,25.0
4437,83.0
4438,6.0
4439,95.0
4440,95.0
4441,95.0
4442,95.0
4443,83.0
4444,83.0
4445,95.0
4446,49.0
4447,95.0
4448,95.0
4449,95.0
4450,76.0
4451,71.0
4452,95.0
4453,95.0
4454,95.0
4455,95.0
4456,95.0
4457,54.0
4458,95.0
4459,-13.0
4460,-23.0
4461,95.0
4462,83.0
4463,54.0
4464,83.0
4465,95.0
4466,54.0
4467,95.0
4468,95.0
4469,95.0
4470,95.0
4471,95.0
4472,83.0
4473,95.0
4474,52.0
4475,95.0
4476,49.0
4477,95.0
4478,95.0
4479,95.0
4480,71.0
4481,-325.0
4482,52.0
4483,95.0
4484,83.0
4485,95.0
4486,95.0
4487,71.0
4488,95.0
4489,95.0
4490,95.0
4491,59.0
4492,95.0
4493,49.0
4494,95.0
4495,-310.0
4496,95.0
4497,71.0
4498,71.0
4499,-163.0
4500,95.0
4501,95.0
4502,95.0
4503,11.0
4504,71.0
4505,71.0
4506,71.0
4507,95.0
4508,37.0
4509,95.0
4510,1.0
4511,95.0
4512,83.0
4513,8.0
4514,95.0
4515,95.0
4516,-325.0
4517,71.0
4518,95.0
4519,95.0
4520,95.0
4521,95.0
4522,95.0
4523,71.0
4524,76.0
4525,-40.0
4526,71.0
4527,83.0
4528,95.0
4529,95.0
4530,-16.0
4531,59.0
4532,95.0
4533,95.0
4534,95.0
4535,66.0
4536,95.0
4537,95.0
4538,83.0
4539,71.0
4540,71.0
4541,52.0
4542,59.0
4543,95.0
4544,95.0
4545,83.0
4546,95.0
4547,95.0
4548,76.0
4549,59.0
4550,95.0
4551,52.0
4552,59.0
4553,37.0
4554,95.0
4555,95.0
4556,95.0
4557,95.0
4558,95.0
4559,95.0
4560,83.0
4561,95.0
4562,83.0
4563,95.0
4564,66.0
4565,95.0
4566,83.0
4567,95.0
4568,95.0
4569,95.0
4570,-4.0
4571,95.0
4572,95.0
4573,-310.0
4574,-45.0
4575,71.0
4576,83.0
4577,66.0
4578,71.0
4579,11.0
4580,95.0
4581,42.0
4582,95.0
4583,95.0
4584,95.0
4585,95.0
4586,95.0
4587,71.0
4588,52.0
4589,71.0
4590,95.0
4591,95.0
4592,54.0
4593,95.0
4594,71.0
4595,95.0
4596,47.0
4597,71.0
4598,95.0
4599,95.0
4600,30.0
4601,37.0
4602,54.0
4603,25.0
4604,95.0
4605,95.0
4606,83.0
4607,95.0
4608,76.0
4609,95.0
4610,71.0
4611,95.0
4612,83.0
4613,95.0
4614,83.0
4615,71.0
4616,95.0
4617,95.0
4618,95.0
4619,71.0
4620,42.0
4621,95.0
4622,95.0
4623,95.0
4624,30.0
4625,95.0
4626,83.0
4627,71.0
4628,59.0
4629,95.0
4630,95.0
4631,95.0
4632,95.0
4633,-335.0
4634,71.0
4635,95.0
4636,71.0
4637,95.0
4638,95.0
4639,66.0
4640,83.0
4641,95.0
4642,95.0
4643,66.0
4644,95.0
4645,95.0
4646,83.0
4647,95.0
4648,95.0
4649,30.0
4650,71.0
4651,95.0
4652,83.0
4653,95.0
4654,71.0
4655,52.0
4656,95.0
4657,54.0
4658,95.0
4659,95.0
4660,59.0
4661,71.0
4662,95.0
4663,95.0
4664,71.0
4665,95.0
4666,95.0
4667,-310.0
4668,95.0
4669,95.0
4670,95.0
4671,95.0
4672,95.0
4673,95.0
4674,95.0
4675,95.0
4676,64.0
4677,95.0
4678,42.0
4679,83.0
4680,95.0
4681,95.0
4682,95.0
4683,-4.0
4684,95.0
4685,13.0
4686,83.0
4687,95.0
4688,71.0
4689,95.0
4690,95.0
4691,95.0
4692,83.0
4693,95.0
4694,95.0
4695,83.0
4696,95.0
4697,71.0
4698,71.0
4699,95.0
4700,95.0
4701,95.0
4702,71.0
4703,95.0
4704,59.0
4705,71.0
4706,71.0
4707,95.0
4708,95.0
4709,54.0
4710,71.0
4711,95.0
4712,95.0
4713,95.0
4714,95.0
4715,95.0
4716,95.0
4717,83.0
4718,59.0
4719,95.0
4720,95.0
4721,95.0
4722,95.0
4723,42.0
4724,-315.0
4725,95.0
4726,54.0
4727,95.0
4728,95.0
4729,71.0
4730,95.0
4731,95.0
4732,95.0
4733,-315.0
4734,95.0
4735,83.0
4736,71.0
4737,-335.0
4738,-320.0
4739,95.0
4740,83.0
4741,95.0
4742,95.0
4743,66.0
4744,-310.0
4745,83.0
4746,54.0
4747,47.0
4748,95.0
4749,95.0
4750,95.0
4751,95.0
4752,95.0
4753,42.0
4754,95.0
4755,95.0
4756,95.0
4757,52.0
4758,30.0
4759,95.0
4760,49.0
4761,95.0
4762,95.0
4763,47.0
4764,95.0
4765,52.0
4766,95.0
4767,83.0
4768,35.0
4769,95.0
4770,95.0
4771,83.0
4772,71.0
4773,95.0
4774,95.0
4775,-315.0
4776,95.0
4777,83.0
4778,83.0
4779,95.0
4780,83.0
4781,95.0
4782,59.0
4783,71.0
4784,95.0
4785,54.0
4786,66.0
4787,95.0
4788,71.0
4789,95.0
4790,-300.0
4791,95.0
4792,95.0
4793,1.0
4794,95.0
4795,95.0
4796,95.0
4797,59.0
4798,30.0
4799,83.0
4800,95.0
4801,95.0
4802,13.0
4803,95.0
4804,71.0
4805,95.0
4806,95.0
4807,59.0
4808,95.0
4809,54.0
4810,95.0
4811,71.0
4812,52.0
4813,95.0
4814,95.0
4815,95.0
4816,25.0
4817,49.0
4818,40.0
4819,95.0
4820,83.0
4821,95.0
4822,71.0
4823,95.0
4824,95.0
4825,95.0
4826,54.0
4827,95.0
4828,95.0
4829,95.0
4830,95.0
4831,95.0
4832,95.0
4833,95.0
4834,95.0
4835,95.0
4836,-330.0
4837,95.0
4838,37.0
4839,71.0
4840,76.0
4841,95.0
4842,83.0
4843,-136.0
4844,95.0
4845,-6.0
4846,95.0
4847,71.0
4848,83.0
4849,95.0
4850,11.0
4851,83.0
4852,52.0
4853,52.0
4854,40.0
4855,83.0
4856,95.0
4857,95.0
4858,95.0
4859,95.0
4860,95.0
4861,42.0
4862,95.0
4863,95.0
4864,95.0
4865,54.0
4866,95.0
4867,95.0
4868,42.0
4869,25.0
4870,40.0
4871,83.0
4872,95.0
4873,95.0
4874,95.0
4875,83.0
4876,54.0
4877,83.0
4878,95.0
4879,76.0
4880,71.0
4881,11.0
4882,71.0
4883,83.0
4884,83.0
4885,95.0
4886,83.0
4887,95.0
4888,95.0
4889,95.0
4890,95.0
4891,71.0
4892,83.0
4893,71.0
4894,83.0
4895,83.0
4896,83.0
4897,83.0
4898,83.0
4899,71.0
4900,95.0
4901,95.0
4902,71.0
4903,95.0
4904,95.0
4905,95.0
4906,47.0
4907,59.0
4908,95.0
4909,95.0
4910,95.0
4911,95.0
4912,54.0
4913,95.0
4914,83.0
4915,83.0
4916,95.0
4917,95.0
4918,-86.0
4919,54.0
4920,95.0
4921,95.0
4922,95.0
4923,54.0
4924,95.0
4925,83.0
4926,71.0
4927,95.0
4928,83.0
4929,95.0
4930,95.0
4931,25.0
4932,83.0
4933,71.0
4934,95.0
4935,66.0
4936,95.0
4937,95.0
4938,95.0
4939,95.0
4940,95.0
4941,18.0
4942,83.0
4943,54.0
4944,71.0
4945,95.0
4946,95.0
4947,95.0
4948,95.0
4949,83.0
4950,95.0
4951,95.0
4952,95.0
4953,59.0
4954,83.0
4955,95.0
4956,59.0
4957,95.0
4958,95.0
4959,95.0
4960,83.0
4961,95.0
4962,1.0
4963,-81.0
4964,71.0
4965,95.0
4966,95.0
4967,83.0
4968,54.0
4969,83.0
4970,52.0
4971,95.0
4972,37.0
4973,54.0
4974,95.0
4975,83.0
4976,95.0
4977,95.0
4978,95.0
4979,76.0
4980,95.0
4981,95.0
4982,95.0
4983,-335.0
4984,95.0
4985,95.0
4986,71.0
4987,71.0
4988,95.0
4989,59.0
4990,95.0
4991,30.0
4992,71.0
4993,95.0
4994,71.0
4995,95.0
4996,95.0
4997,95.0
4998,95.0
4999,71.0
5000,83.0
5001,95.0
5002,95.0
5003,47.0
5004,66.0
5005,83.0
5006,71.0
5007,95.0
5008,35.0
5009,-345.0
5010,95.0
5011,95.0
5012,25.0
5013,71.0
5014,95.0
5015,95.0
5016,95.0
5017,59.0
5018,-345.0
5019,71.0
5020,95.0
5021,71.0
5022,95.0
5023,95.0
5024,95.0
5025,95.0
5026,83.0
5027,95.0
5028,95.0
5029,95.0
5030,95.0
5031,95.0
5032,95.0
5033,95.0
5034,-11.0
5035,95.0
5036,95.0
5037,95.0
5038,54.0
5039,95.0
5040,54.0
5041,95.0
5042,95.0
5043,95.0
5044,71.0
5045,95.0
5046,95.0
5047,95.0
5048,42.0
5049,95.0
5050,52.0
5051,71.0
5052,95.0
5053,95.0
5054,59.0
5055,83.0
5056,83.0
5057,95.0
5058,95.0
5059,18.0
5060,95.0
5061,95.0
5062,95.0
5063,95.0
5064,95.0
5065,95.0
5066,95.0
5067,52.0
5068,95.0
5069,95.0
5070,95.0
5071,59.0
5072,54.0
5073,71.0
5074,71.0
5075,71.0
5076,95.0
5077,71.0
5078,95.0
5079,95.0
5080,54.0
5081,95.0
5082,71.0
5083,83.0
5084,-47.0
5085,71.0
5086,95.0
5087,71.0
5088,95.0
5089,95.0
5090,71.0
5091,95.0
5092,71.0
5093,83.0
5094,95.0
5095,-143.0
5096,76.0
5097,95.0
5098,71.0
5099,95.0
5100,52.0
5101,71.0
5102,71.0
5103,95.0
5104,83.0
5105,95.0
5106,95.0
5107,95.0
5108,-81.0
5109,95.0
5110,95.0
5111,-57.0
5112,95.0
5113,95.0
5114,95.0
5115,95.0
5116,95.0
5117,95.0
5118,95.0
5119,95.0
5120,95.0
5121,95.0
5122,-6.0
5123,95.0
5124,95.0
5125,95.0
5126,95.0
5127,95.0
5128,95.0
5129,95.0
5130,23.0
5131,35.0
5132,95.0
5133,95.0
5134,95.0
5135,83.0
5136,71.0
5137,95.0
5138,95.0
5139,83.0
5140,95.0
5141,18.0
5142,95.0
5143,95.0
5144,95.0
5145,83.0
5146,71.0
5147,95.0
5148,71.0
5149,59.0
5150,95.0
5151,95.0
5152,95.0
5153,59.0
5154,71.0
5155,30.0
5156,83.0
5157,95.0
5158,95.0
5159,95.0
5160,95.0
5161,95.0
5162,95.0
5163,71.0
5164,95.0
5165,95.0
5166,95.0
5167,95.0
5168,95.0
5169,42.0
5170,71.0
5171,95.0
5172,71.0
5173,71.0
5174,95.0
5175,54.0
5176,71.0
5177,95.0
5178,95.0
5179,95.0
5180,11.0
5181,95.0
5182,35.0
5183,52.0
5184,95.0
5185,95.0
5186,95.0
5187,95.0
5188,95.0
5189,95.0
5190,95.0
5191,95.0
5192,95.0
5193,71.0
5194,95.0
5195,95.0
5196,95.0
5197,83.0
5198,71.0
5199,95.0
5200,71.0
5201,83.0
5202,95.0
5203,95.0
5204,95.0
5205,71.0
5206,95.0
5207,-78.0
5208,71.0
5209,71.0
5210,95.0
5211,23.0
5212,95.0
5213,13.0
5214,95.0
5215,-18.0
5216,95.0
5217,83.0
5218,95.0
5219,71.0
5220,95.0
5221,95.0
5222,95.0
5223,95.0
5224,13.0
5225,95.0
5226,95.0
5227,71.0
5228,59.0
5229,95.0
5230,83.0
5231,95.0
5232,59.0
5233,95.0
5234,83.0
5235,-121.0
5236,83.0
5237,59.0
5238,95.0
5239,71.0
5240,95.0
5241,83.0
5242,95.0
5243,95.0
5244,95.0
5245,30.0
5246,95.0
5247,18.0
5248,35.0
5249,95.0
5250,95.0
5251,95.0
5252,18.0
5253,83.0
5254,95.0
5255,95.0
5256,95.0
5257,83.0
5258,54.0
5259,95.0
5260,95.0
5261,52.0
5262,95.0
5263,71.0
5264,95.0
5265,83.0
5266,-132.0
5267,95.0
5268,83.0
5269,95.0
5270,95.0
5271,71.0
5272,95.0
5273,95.0
5274,95.0
5275,95.0
5276,95.0
5277,83.0
5278,47.0
5279,95.0
5280,52.0
5281,30.0
5282,18.0
5283,95.0
5284,95.0
5285,83.0
5286,95.0
5287,52.0
5288,95.0
5289,95.0
5290,95.0
5291,83.0
5292,95.0
5293,52.0
5294,83.0
5295,83.0
5296,95.0
5297,95.0
5298,83.0
5299,95.0
5300,71.0
5301,83.0
5302,71.0
5303,95.0
5304,71.0
5305,52.0
5306,95.0
5307,95.0
5308,95.0
5309,71.0
5310,95.0
5311,95.0
5312,95.0
5313,95.0
5314,95.0
5315,95.0
5316,-52.0
5317,95.0
5318,83.0
5319,52.0
5320,95.0
5321,95.0
5322,95.0
5323,25.0
5324,95.0
5325,71.0
5326,83.0
5327,95.0
5328,-28.0
5329,37.0
5330,59.0
5331,42.0
5332,71.0
5333,95.0
5334,95.0
5335,95.0
5336,95.0
5337,95.0
5338,95.0
5339,59.0
5340,95.0
5341,71.0
5342,95.0
5343,83.0
5344,71.0
5345,71.0
5346,95.0
5347,83.0
5348,71.0
5349,95.0
5350,-6.0
5351,95.0
5352,95.0
5353,95.0
5354,83.0
5355,35.0
5356,18.0
5357,95.0
5358,95.0
5359,95.0
5360,95.0
5361,52.0
5362,71.0
5363,66.0
5364,59.0
5365,59.0
5366,59.0
5367,95.0
5368,95.0
5369,95.0
5370,71.0
5371,-187.0
5372,95.0
5373,95.0
5374,66.0
5375,95.0
5376,54.0
5377,95.0
5378,59.0
5379,95.0
5380,95.0
5381,95.0
5382,95.0
5383,18.0
5384,95.0
5385,95.0
5386,66.0
5387,71.0
5388,71.0
5389,95.0
5390,95.0
5391,52.0
5392,-71.0
5393,95.0
5394,95.0
5395,95.0
5396,83.0
5397,95.0
5398,71.0
5399,95.0
5400,71.0
5401,95.0
5402,71.0
5403,95.0
5404,95.0
5405,95.0
5406,83.0
5407,95.0
5408,95.0
5409,95.0
5410,95.0
5411,83.0
5412,83.0
5413,95.0
5414,95.0
5415,83.0
5416,83.0
5417,95.0
5418,95.0
5419,95.0
5420,95.0
5421,83.0
5422,47.0
5423,76.0
5424,23.0
5425,71.0
5426,83.0
5427,95.0
5428,71.0
5429,71.0
5430,95.0
5431,52.0
5432,95.0
5433,95.0
5434,95.0
5435,95.0
5436,71.0
5437,83.0
5438,71.0
5439,95.0
5440,95.0
5441,95.0
5442,95.0
5443,95.0
5444,52.0
5445,95.0
5446,95.0
5447,83.0
5448,95.0
5449,42.0
5450,95.0
5451,54.0
5452,30.0
5453,95.0
5454,95.0
5455,95.0
5456,95.0
5457,95.0
5458,71.0
5459,-11.0
5460,95.0
5461,95.0
5462,71.0
5463,-30.0
5464,95.0
5465,30.0
5466,71.0
5467,71.0
5468,83.0
5469,95.0
5470,95.0
5471,95.0
5472,95.0
5473,95.0
5474,95.0
5475,95.0
5476,95.0
5477,95.0
5478,54.0
5479,95.0
5480,95.0
5481,54.0
5482,95.0
5483,95.0
5484,54.0
5485,95.0
5486,95.0
5487,95.0
5488,95.0
5489,6.0
5490,95.0
5491,95.0
5492,95.0
5493,95.0
5494,54.0
5495,95.0
5496,71.0
5497,95.0
5498,95.0
5499,95.0
5500,95.0
5501,52.0
5502,-4.0
5503,42.0
5504,83.0
5505,40.0
5506,-158.0
5507,83.0
5508,83.0
5509,71.0
5510,95.0
5511,59.0
5512,71.0
5513,18.0
5514,95.0
5515,18.0
5516,95.0
5517,95.0
5518,95.0
5519,95.0
5520,95.0
5521,95.0
5522,95.0
5523,95.0
5524,66.0
5525,95.0
5526,59.0
5527,71.0
5528,83.0
5529,95.0
5530,95.0
5531,95.0
5532,95.0
5533,95.0
5534,83.0
5535,83.0
5536,95.0
5537,71.0
5538,18.0
5539,52.0
5540,52.0
5541,95.0
5542,95.0
5543,83.0
5544,83.0
5545,95.0
5546,95.0
5547,52.0
5548,95.0
5549,95.0
5550,59.0
5551,95.0
5552,71.0
5553,71.0
5554,95.0
5555,95.0
5556,71.0
5557,95.0
5558,83.0
5559,71.0
5560,95.0
5561,95.0
5562,59.0
5563,59.0
5564,30.0
5565,54.0
5566,95.0
5567,95.0
5568,95.0
5569,83.0
5570,95.0
5571,95.0
5572,59.0
5573,71.0
5574,95.0
5575,95.0
5576,71.0
5577,95.0
5578,52.0
5579,71.0
5580,95.0
5581,59.0
5582,95.0
5583,95.0
5584,95.0
5585,52.0
5586,95.0
5587,54.0
5588,95.0
5589,83.0
5590,95.0
5591,95.0
5592,95.0
5593,95.0
5594,95.0
5595,95.0
5596,54.0
5597,95.0
5598,95.0
5599,71.0
5600,95.0
5601,95.0
5602,-158.0
5603,83.0
5604,18.0
5605,-117.0
5606,95.0
5607,18.0
5608,95.0
5609,30.0
5610,95.0
5611,52.0
5612,16.0
5613,95.0
5614,71.0
5615,95.0
5616,47.0
5617,95.0
5618,95.0
5619,95.0
5620,95.0
5621,83.0
5622,95.0
5623,95.0
5624,83.0
5625,30.0
5626,95.0
5627,95.0
5628,-42.0
5629,52.0
5630,95.0
5631,83.0
5632,71.0
5633,95.0
5634,95.0
5635,95.0
5636,95.0
5637,71.0
5638,95.0
5639,59.0
5640,95.0
5641,95.0
5642,83.0
5643,83.0
5644,95.0
5645,-350.0
5646,95.0
5647,95.0
5648,95.0
5649,37.0
5650,95.0
5651,95.0
5652,95.0
5653,95.0
5654,95.0
5655,95.0
5656,42.0
5657,95.0
5658,95.0
5659,59.0
5660,95.0
5661,71.0
5662,-28.0
5663,95.0
5664,66.0
5665,95.0
5666,95.0
5667,95.0
5668,83.0
5669,95.0
5670,83.0
5671,54.0
5672,95.0
5673,71.0
5674,95.0
5675,95.0
5676,95.0
5677,95.0
5678,95.0
5679,95.0
5680,71.0
5681,71.0
5682,95.0
5683,95.0
5684,95.0
5685,95.0
5686,95.0
5687,71.0
5688,95.0
5689,95.0
5690,95.0
5691,95.0
5692,95.0
5693,42.0
5694,95.0
5695,95.0
5696,71.0
5697,95.0
5698,95.0
5699,52.0
5700,95.0
5701,95.0
5702,95.0
5703,95.0
5704,95.0
5705,83.0
5706,83.0
5707,83.0
5708,71.0
5709,95.0
5710,95.0
5711,95.0
5712,95.0
5713,95.0
5714,59.0
5715,95.0
5716,95.0
5717,54.0
5718,95.0
5719,95.0
5720,71.0
5721,95.0
5722,95.0
5723,95.0
5724,54.0
5725,66.0
5726,95.0
5727,66.0
5728,95.0
5729,95.0
5730,95.0
5731,95.0
5732,95.0
5733,95.0
5734,95.0
5735,95.0
5736,71.0
5737,95.0
5738,95.0
5739,30.0
5740,95.0
5741,28.0
5742,95.0
5743,95.0
5744,54.0
5745,71.0
5746,95.0
5747,95.0
5748,71.0
5749,59.0
5750,71.0
5751,95.0
5752,71.0
5753,95.0
5754,71.0
5755,95.0
5756,95.0
5757,95.0
5758,95.0
5759,95.0
5760,95.0
5761,95.0
5762,71.0
5763,95.0
5764,71.0
5765,71.0
5766,83.0
5767,95.0
5768,95.0
5769,95.0
5770,66.0
5771,-18.0
5772,95.0
5773,95.0
5774,95.0
5775,83.0
5776,95.0
5777,95.0
5778,95.0
5779,-64.0
5780,71.0
5781,83.0
5782,95.0
5783,95.0
5784,71.0
5785,95.0
5786,95.0
5787,95.0
5788,83.0
5789,95.0
5790,71.0
5791,71.0
5792,95.0
5793,54.0
5794,18.0
5795,-37.0
5796,83.0
5797,95.0
5798,95.0
5799,42.0
5800,71.0
5801,-37.0
5802,95.0
5803,95.0
5804,71.0
5805,95.0
5806,76.0
5807,66.0
5808,59.0
5809,71.0
5810,95.0
5811,71.0
5812,95.0
5813,83.0
5814,83.0
5815,95.0
5816,95.0
5817,71.0
5818,59.0
5819,95.0
5820,83.0
5821,83.0
5822,23.0
5823,52.0
5824,95.0
5825,11.0
5826,71.0
5827,95.0
5828,52.0
5829,95.0
5830,95.0
5831,95.0
5832,95.0
5833,95.0
5834,95.0
5835,95.0
5836,95.0
5837,95.0
5838,83.0
5839,83.0
5840,52.0
5841,95.0
5842,52.0
5843,95.0
5844,71.0
5845,95.0
5846,-35.0
5847,83.0
5848,95.0
5849,95.0
5850,83.0
5851,95.0
5852,95.0
5853,64.0
5854,28.0
5855,71.0
5856,95.0
5857,95.0
5858,95.0
5859,71.0
5860,95.0
5861,95.0
5862,52.0
5863,95.0
5864,95.0
5865,83.0
5866,83.0
5867,83.0
5868,95.0
5869,95.0
5870,54.0
5871,95.0
5872,95.0
5873,95.0
5874,52.0
5875,95.0
5876,95.0
5877,83.0
5878,83.0
5879,71.0
5880,95.0
5881,95.0
5882,95.0
5883,52.0
5884,95.0
5885,95.0
5886,71.0
5887,95.0
5888,95.0
5889,83.0
5890,95.0
5891,71.0
5892,71.0
5893,71.0
5894,52.0
5895,95.0
5896,71.0
5897,95.0
5898,95.0
5899,95.0
5900,95.0
5901,95.0
5902,95.0
5903,95.0
5904,95.0
5905,95.0
5906,95.0
5907,59.0
5908,95.0
5909,13.0
5910,95.0
5911,13.0
5912,95.0
5913,37.0
5914,95.0
5915,71.0
5916,95.0
5917,25.0
5918,47.0
5919,95.0
5920,95.0
5921,71.0
5922,95.0
5923,54.0
5924,95.0
5925,71.0
5926,71.0
5927,71.0
5928,95.0
5929,95.0
5930,71.0
5931,95.0
5932,59.0
5933,95.0
5934,95.0
5935,95.0
5936,95.0
5937,83.0
5938,95.0
5939,95.0
5940,83.0
5941,52.0
5942,95.0
5943,95.0
5944,95.0
5945,42.0
5946,25.0
5947,71.0
5948,54.0
5949,83.0
5950,95.0
5951,83.0
5952,95.0
5953,59.0
5954,95.0
5955,95.0
5956,95.0
5957,52.0
5958,49.0
5959,95.0
5960,-35.0
5961,54.0
5962,83.0
5963,52.0
5964,95.0
5965,95.0
5966,83.0
5967,1.0
5968,95.0
5969,95.0
5970,95.0
5971,59.0
5972,95.0
5973,42.0
5974,71.0
5975,54.0
5976,95.0
5977,95.0
5978,52.0
5979,95.0
5980,95.0
5981,71.0
5982,95.0
5983,95.0
5984,52.0
5985,95.0
5986,83.0
5987,95.0
5988,95.0
5989,95.0
5990,95.0
5991,95.0
5992,35.0
5993,71.0
5994,59.0
5995,83.0
5996,83.0
5997,71.0
5998,95.0
5999,95.0
6000,59.0
6001,95.0
6002,83.0
6003,95.0
6004,83.0
6005,52.0
6006,95.0
6007,71.0
6008,54.0
6009,95.0
6010,30.0
6011,95.0
6012,95.0
6013,95.0
6014,59.0
6015,83.0
6016,83.0
6017,95.0
6018,83.0
6019,71.0
6020,83.0
6021,66.0
6022,95.0
6023,95.0
6024,71.0
6025,30.0
6026,95.0
6027,95.0
6028,54.0
6029,95.0
6030,95.0
6031,95.0
6032,54.0
6033,54.0
6034,71.0
6035,64.0
6036,95.0
6037,71.0
6038,95.0
6039,6.0
6040,95.0
6041,95.0
6042,95.0
6043,95.0
6044,47.0
6045,25.0
6046,95.0
6047,95.0
6048,71.0
6049,83.0
6050,35.0
6051,54.0
6052,59.0
6053,83.0
6054,83.0
6055,95.0
6056,42.0
6057,71.0
6058,95.0
6059,95.0
6060,1.0
6061,83.0
6062,83.0
6063,83.0
6064,95.0
6065,95.0
6066,95.0
6067,71.0
6068,66.0
6069,95.0
6070,95.0
6071,-182.0
6072,95.0
6073,95.0
6074,95.0
6075,71.0
6076,95.0
6077,95.0
6078,52.0
6079,54.0
6080,83.0
6081,95.0
6082,95.0
6083,95.0
6084,95.0
6085,35.0
6086,95.0
6087,95.0
6088,83.0
6089,52.0
6090,95.0
6091,95.0
6092,95.0
6093,66.0
6094,83.0
6095,66.0
6096,95.0
6097,71.0
6098,95.0
6099,71.0
6100,71.0
6101,95.0
6102,95.0
6103,95.0
6104,35.0
6105,95.0
6106,52.0
6107,71.0
6108,71.0
6109,95.0
6110,35.0
6111,66.0
6112,83.0
6113,95.0
6114,95.0
6115,95.0
6116,95.0
6117,95.0
6118,71.0
6119,1.0
6120,83.0
6121,54.0
6122,52.0
6123,71.0
6124,95.0
6125,95.0
6126,71.0
6127,95.0
6128,71.0
6129,42.0
6130,95.0
6131,95.0
6132,95.0
6133,25.0
6134,95.0
6135,83.0
6136,49.0
6137,83.0
6138,71.0
6139,95.0
6140,52.0
6141,95.0
6142,95.0
6143,95.0
6144,71.0
6145,95.0
6146,95.0
6147,83.0
6148,52.0
6149,95.0
6150,95.0
6151,95.0
6152,95.0
6153,76.0
6154,95.0
6155,95.0
6156,35.0
6157,71.0
6158,95.0
6159,95.0
6160,95.0
6161,95.0
6162,71.0
6163,66.0
6164,71.0
6165,71.0
6166,-74.0
6167,71.0
6168,83.0
6169,71.0
6170,95.0
6171,83.0
6172,83.0
6173,83.0
6174,83.0
6175,95.0
6176,95.0
6177,83.0
6178,40.0
6179,95.0
6180,95.0
6181,95.0
6182,71.0
6183,95.0
6184,95.0
6185,11.0
6186,95.0
6187,95.0
6188,95.0
6189,52.0
6190,95.0
6191,71.0
6192,95.0
6193,54.0
6194,71.0
6195,30.0
6196,95.0
6197,95.0
6198,-28.0
6199,54.0
6200,83.0
6201,52.0
6202,95.0
6203,54.0
6204,52.0
6205,95.0
6206,95.0
6207,71.0
6208,95.0
6209,95.0
6210,95.0
6211,95.0
6212,95.0
6213,42.0
6214,95.0
6215,54.0
6216,71.0
6217,83.0
6218,71.0
6219,95.0
6220,95.0
6221,95.0
6222,83.0
6223,83.0
6224,95.0
6225,59.0
6226,95.0
6227,95.0
6228,95.0
6229,95.0
6230,95.0
6231,54.0
6232,83.0
6233,95.0
6234,71.0
6235,95.0
6236,95.0
6237,47.0
6238,95.0
6239,59.0
6240,95.0
6241,71.0
6242,83.0
6243,95.0
6244,59.0
6245,95.0
6246,95.0
6247,95.0
6248,71.0
6249,83.0
6250,83.0
6251,52.0
6252,95.0
6253,66.0
6254,83.0
6255,71.0
6256,66.0
6257,52.0
6258,83.0
6259,52.0
6260,54.0
6261,71.0
6262,95.0
6263,95.0
6264,95.0
6265,71.0
6266,95.0
6267,83.0
6268,25.0
6269,95.0
6270,95.0
6271,47.0
6272,95.0
6273,71.0
6274,54.0
6275,95.0
6276,95.0
6277,95.0
6278,95.0
6279,95.0
6280,42.0
6281,95.0
6282,95.0
6283,76.0
6284,66.0
6285,59.0
6286,95.0
6287,95.0
6288,95.0
6289,95.0
6290,11.0
6291,95.0
6292,95.0
6293,83.0
6294,95.0
6295,71.0
6296,83.0
6297,95.0
6298,95.0
6299,95.0
6300,83.0
6301,95.0
6302,95.0
6303,95.0
6304,95.0
6305,83.0
6306,83.0
6307,83.0
6308,47.0
6309,95.0
6310,95.0
6311,95.0
6312,52.0
6313,71.0
6314,83.0
6315,52.0
6316,95.0
6317,95.0
6318,95.0
6319,83.0
6320,71.0
6321,95.0
6322,71.0
6323,83.0
6324,95.0
6325,95.0
6326,59.0
6327,83.0
6328,95.0
6329,71.0
6330,71.0
6331,71.0
6332,71.0
6333,95.0
6334,83.0
6335,59.0
6336,52.0
6337,95.0
6338,25.0
6339,83.0
6340,95.0
6341,95.0
6342,95.0
6343,95.0
6344,95.0
6345,35.0
6346,95.0
6347,95.0
6348,83.0
6349,83.0
6350,71.0
6351,52.0
6352,71.0
6353,95.0
6354,83.0
6355,83.0
6356,40.0
6357,59.0
6358,71.0
6359,66.0
6360,95.0
6361,95.0
6362,71.0
6363,83.0
6364,54.0
6365,95.0
6366,40.0
6367,30.0
6368,95.0
6369,95.0
6370,52.0
6371,95.0
6372,95.0
6373,95.0
6374,83.0
6375,71.0
6376,52.0
6377,95.0
6378,95.0
6379,95.0
6380,83.0
6381,66.0
6382,52.0
6383,95.0
6384,52.0
6385,95.0
6386,95.0
6387,95.0
6388,95.0
6389,71.0
6390,95.0
6391,95.0
6392,95.0
6393,95.0
6394,83.0
6395,11.0
6396,59.0
6397,95.0
6398,71.0
6399,95.0
6400,95.0
6401,71.0
6402,95.0
6403,83.0
6404,66.0
6405,95.0
6406,71.0
6407,95.0
6408,95.0
6409,95.0
6410,71.0
6411,95.0
6412,95.0
6413,95.0
6414,71.0
6415,83.0
6416,95.0
6417,71.0
6418,54.0
6419,95.0
6420,95.0
6421,47.0
6422,95.0
6423,-119.0
6424,71.0
6425,71.0
6426,83.0
6427,95.0
6428,1.0
6429,95.0
6430,23.0
6431,95.0
6432,95.0
6433,71.0
6434,95.0
6435,95.0
6436,54.0
6437,95.0
6438,95.0
6439,-18.0
6440,13.0
6441,71.0
6442,95.0
6443,83.0
6444,95.0
6445,71.0
6446,95.0
6447,95.0
6448,71.0
6449,83.0
6450,83.0
6451,95.0
6452,71.0
6453,95.0
6454,54.0
6455,95.0
6456,40.0
6457,83.0
6458,59.0
6459,95.0
6460,71.0
6461,95.0
6462,71.0
6463,95.0
6464,95.0
6465,95.0
6466,59.0
6467,95.0
6468,-105.0
6469,95.0
6470,83.0
6471,71.0
6472,95.0
6473,95.0
6474,95.0
6475,71.0
6476,83.0
6477,71.0
6478,71.0
6479,95.0
6480,83.0
6481,71.0
6482,95.0
6483,71.0
6484,-11.0
6485,95.0
6486,76.0
6487,95.0
6488,71.0
6489,83.0
6490,95.0
6491,71.0
6492,95.0
6493,83.0
6494,59.0
6495,83.0
6496,95.0
6497,23.0
6498,95.0
6499,66.0
6500,95.0
6501,71.0
6502,95.0
6503,71.0
6504,95.0
6505,66.0
6506,95.0
6507,95.0
6508,35.0
6509,83.0
6510,-1.0
6511,95.0
6512,95.0
6513,23.0
6514,83.0
6515,95.0
6516,83.0
6517,95.0
6518,95.0
6519,95.0
6520,71.0
6521,95.0
6522,59.0
6523,95.0
6524,95.0
6525,95.0
6526,95.0
6527,95.0
6528,95.0
6529,71.0
6530,83.0
6531,83.0
6532,95.0
6533,95.0
6534,25.0
6535,95.0
6536,83.0
6537,95.0
6538,95.0
6539,59.0
6540,71.0
6541,95.0
6542,95.0
6543,71.0
6544,95.0
6545,95.0
6546,95.0
6547,83.0
6548,52.0
6549,83.0
6550,83.0
6551,95.0
6552,95.0
6553,76.0
6554,59.0
6555,83.0
6556,52.0
6557,95.0
6558,59.0
6559,83.0
6560,95.0
6561,95.0
6562,95.0
6563,71.0
6564,95.0
6565,66.0
6566,95.0
6567,95.0
6568,95.0
6569,71.0
6570,95.0
6571,95.0
6572,59.0
6573,54.0
6574,71.0
6575,95.0
6576,71.0
6577,83.0
6578,83.0
6579,95.0
6580,95.0
6581,95.0
6582,71.0
6583,95.0
6584,95.0
6585,95.0
6586,95.0
6587,71.0
6588,95.0
6589,71.0
6590,95.0
6591,95.0
6592,83.0
6593,95.0
6594,95.0
6595,95.0
6596,71.0
6597,59.0
6598,54.0
6599,-18.0
6600,95.0
6601,95.0
6602,54.0
6603,95.0
6604,71.0
6605,71.0
6606,28.0
6607,95.0
6608,95.0
6609,95.0
6610,95.0
6611,95.0
6612,71.0
6613,95.0
6614,30.0
6615,59.0
6616,95.0
6617,-1.0
6618,71.0
6619,71.0
6620,95.0
6621,52.0
6622,95.0
6623,52.0
6624,95.0
6625,95.0
6626,52.0
6627,95.0
6628,76.0
6629,95.0
6630,71.0
6631,52.0
6632,52.0
6633,95.0
6634,71.0
6635,71.0
6636,59.0
6637,95.0
6638,71.0
6639,95.0
6640,95.0
6641,71.0
6642,59.0
6643,95.0
6644,95.0
6645,71.0
6646,95.0
6647,95.0
6648,95.0
6649,71.0
6650,66.0
6651,52.0
6652,95.0
6653,52.0
6654,95.0
6655,71.0
6656,95.0
6657,64.0
6658,95.0
6659,95.0
6660,95.0
6661,95.0
6662,83.0
6663,95.0
6664,95.0
6665,71.0
6666,59.0
6667,83.0
6668,95.0
6669,76.0
6670,47.0
6671,95.0
6672,59.0
6673,83.0
6674,95.0
6675,95.0
6676,95.0
6677,95.0
6678,83.0
6679,95.0
6680,95.0
6681,59.0
6682,95.0
6683,83.0
6684,83.0
6685,71.0
6686,95.0
6687,95.0
6688,28.0
6689,83.0
6690,95.0
6691,71.0
6692,59.0
6693,52.0
6694,95.0
6695,54.0
6696,95.0
6697,95.0
6698,95.0
6699,95.0
6700,95.0
6701,52.0
6702,95.0
6703,95.0
6704,83.0
6705,6.0
6706,71.0
6707,71.0
6708,95.0
6709,71.0
6710,66.0
6711,83.0
6712,95.0
6713,71.0
6714,95.0
6715,71.0
6716,23.0
6717,95.0
6718,95.0
6719,59.0
6720,71.0
6721,95.0
6722,95.0
6723,83.0
6724,52.0
6725,95.0
6726,71.0
6727,95.0
6728,59.0
6729,52.0
6730,83.0
6731,71.0
6732,95.0
6733,59.0
6734,95.0
6735,95.0
6736,95.0
6737,83.0
6738,95.0
6739,95.0
6740,95.0
6741,95.0
6742,95.0
6743,71.0
6744,95.0
6745,95.0
6746,83.0
6747,95.0
6748,95.0
6749,95.0
6750,71.0
6751,71.0
6752,95.0
6753,54.0
6754,54.0
6755,71.0
6756,-4.0
6757,83.0
6758,95.0
6759,83.0
6760,71.0
6761,83.0
6762,95.0
6763,54.0
6764,83.0
6765,95.0
6766,83.0
6767,83.0
6768,83.0
6769,64.0
6770,95.0
6771,95.0
6772,95.0
6773,95.0
6774,95.0
6775,59.0
6776,30.0
6777,95.0
6778,83.0
6779,95.0
6780,95.0
6781,95.0
6782,95.0
6783,95.0
6784,83.0
6785,83.0
6786,71.0
6787,95.0
6788,49.0
6789,83.0
6790,49.0
6791,95.0
6792,95.0
6793,71.0
6794,76.0
6795,95.0
6796,25.0
6797,95.0
6798,95.0
6799,95.0
6800,95.0
6801,95.0
6802,47.0
6803,95.0
6804,95.0
6805,95.0
6806,35.0
6807,71.0
6808,95.0
6809,95.0
6810,11.0
6811,95.0
6812,83.0
6813,83.0
6814,71.0
6815,95.0
6816,95.0
6817,83.0
6818,95.0
6819,95.0
6820,59.0
6821,25.0
6822,11.0
6823,76.0
6824,95.0
6825,47.0
6826,42.0
6827,95.0
6828,95.0
6829,71.0
6830,71.0
6831,95.0
6832,95.0
6833,71.0
6834,95.0
6835,83.0
6836,95.0
6837,83.0
6838,95.0
6839,83.0
6840,95.0
6841,95.0
6842,83.0
6843,83.0
6844,95.0
6845,66.0
6846,95.0
6847,71.0
6848,95.0
6849,30.0
6850,95.0
6851,95.0
6852,52.0
6853,95.0
6854,95.0
6855,95.0
6856,71.0
6857,1.0
6858,71.0
6859,83.0
6860,95.0
6861,95.0
6862,83.0
6863,95.0
6864,95.0
6865,95.0
6866,95.0
6867,71.0
6868,71.0
6869,42.0
6870,95.0
6871,71.0
6872,-18.0
6873,18.0
6874,95.0
6875,71.0
6876,83.0
6877,76.0
6878,83.0
6879,59.0
6880,95.0
6881,59.0
6882,95.0
6883,95.0
6884,95.0
6885,83.0
6886,95.0
6887,95.0
6888,95.0
6889,59.0
6890,95.0
6891,59.0
6892,66.0
6893,52.0
6894,95.0
6895,95.0
6896,66.0
6897,95.0
6898,71.0
6899,95.0
6900,47.0
6901,95.0
6902,83.0
6903,95.0
6904,71.0
6905,71.0
6906,23.0
6907,71.0
6908,83.0
6909,71.0
6910,95.0
6911,71.0
6912,95.0
6913,95.0
6914,71.0
6915,71.0
6916,83.0
6917,95.0
6918,95.0
6919,42.0
6920,95.0
6921,95.0
6922,95.0
6923,83.0
6924,30.0
6925,59.0
6926,83.0
6927,95.0
6928,71.0
6929,25.0
6930,95.0
6931,83.0
6932,71.0
6933,95.0
6934,71.0
6935,95.0
6936,95.0
6937,-16.0
6938,52.0
6939,95.0
6940,95.0
6941,95.0
6942,52.0
6943,95.0
6944,-4.0
6945,71.0
6946,95.0
6947,95.0
6948,95.0
6949,95.0
6950,-23.0
6951,83.0
6952,83.0
6953,83.0
6954,71.0
6955,95.0
6956,54.0
6957,95.0
6958,95.0
6959,95.0
6960,95.0
6961,95.0
6962,95.0
6963,54.0
6964,95.0
6965,95.0
6966,71.0
6967,95.0
6968,-4.0
6969,95.0
6970,71.0
6971,95.0
6972,95.0
6973,95.0
6974,83.0
6975,95.0
6976,71.0
6977,54.0
6978,83.0
6979,95.0
6980,71.0
6981,71.0
6982,95.0
6983,95.0
6984,95.0
6985,95.0
6986,95.0
6987,95.0
6988,83.0
6989,83.0
6990,11.0
6991,-59.0
6992,83.0
6993,83.0
6994,83.0
6995,95.0
6996,83.0
6997,42.0
6998,83.0
6999,47.0
7000,83.0
7001,95.0
7002,83.0
7003,83.0
7004,95.0
7005,95.0
7006,52.0
7007,95.0
7008,95.0
7009,83.0
7010,83.0
7011,83.0
7012,83.0
7013,71.0
7014,95.0
7015,54.0
7016,95.0
7017,30.0
7018,95.0
7019,71.0
7020,95.0
7021,-47.0
7022,95.0
7023,52.0
7024,95.0
7025,83.0
7026,71.0
7027,71.0
7028,95.0
7029,95.0
7030,71.0
7031,71.0
7032,83.0
7033,83.0
7034,95.0
7035,95.0
7036,95.0
7037,95.0
7038,95.0
7039,95.0
7040,95.0
7041,95.0
7042,83.0
7043,83.0
7044,42.0
7045,71.0
7046,95.0
7047,95.0
7048,95.0
7049,95.0
7050,95.0
7051,66.0
7052,83.0
7053,52.0
7054,95.0
7055,18.0
7056,95.0
7057,42.0
7058,71.0
7059,83.0
7060,95.0
7061,95.0
7062,95.0
7063,71.0
7064,95.0
7065,18.0
7066,95.0
7067,71.0
7068,95.0
7069,95.0
7070,95.0
7071,83.0
7072,95.0
7073,47.0
7074,52.0
7075,52.0
7076,95.0
7077,95.0
7078,95.0
7079,95.0
7080,95.0
7081,52.0
7082,71.0
7083,-28.0
7084,95.0
7085,66.0
7086,95.0
7087,30.0
7088,76.0
7089,66.0
7090,66.0
7091,95.0
7092,95.0
7093,95.0
7094,95.0
7095,23.0
7096,95.0
7097,95.0
7098,95.0
7099,83.0
7100,95.0
7101,95.0
7102,83.0
7103,83.0
7104,71.0
7105,95.0
7106,95.0
7107,95.0
7108,66.0
7109,95.0
7110,-86.0
7111,95.0
7112,52.0
7113,54.0
7114,71.0
7115,95.0
7116,95.0
7117,95.0
7118,71.0
7119,1.0
7120,95.0
7121,71.0
7122,59.0
7123,95.0
7124,95.0
7125,95.0
7126,95.0
7127,95.0
7128,42.0
7129,83.0
7130,95.0
7131,95.0
7132,71.0
7133,95.0
7134,83.0
7135,95.0
7136,30.0
7137,71.0
7138,71.0
7139,42.0
7140,83.0
7141,95.0
7142,71.0
7143,83.0
7144,95.0
7145,95.0
7146,95.0
7147,28.0
7148,64.0
7149,95.0
7150,71.0
7151,95.0
7152,95.0
7153,95.0
7154,64.0
7155,71.0
7156,54.0
7157,95.0
7158,52.0
7159,95.0
7160,95.0
7161,95.0
7162,95.0
7163,83.0
7164,71.0
7165,95.0
7166,95.0
7167,95.0
7168,66.0
7169,66.0
