0,-355.0
1,83.0
2,95.0
3,95.0
4,45.0
5,-16.0
6,59.0
7,-345.0
8,95.0
9,-365.0
10,-360.0
11,-360.0
12,-214.0
13,-355.0
14,95.0
15,-345.0
16,83.0
17,95.0
18,52.0
19,64.0
20,-355.0
21,83.0
22,71.0
23,-360.0
24,-78.0
25,-345.0
26,-345.0
27,-350.0
28,83.0
29,95.0
30,23.0
31,-370.0
32,95.0
33,-350.0
34,-189.0
35,-350.0
36,54.0
37,-330.0
38,-4.0
39,-180.0
40,-345.0
41,-380.0
42,95.0
43,-3.0
44,-355.0
45,40.0
46,95.0
47,54.0
48,-149.0
49,-195.0
50,38.0
51,95.0
52,-385.0
53,-360.0
54,83.0
55,95.0
56,-59.0
57,25.0
58,-194.0
59,95.0
60,23.0
61,76.0
62,71.0
63,1.0
64,1.0
65,-370.0
66,-4.0
67,-360.0
68,-335.0
69,-365.0
70,-183.0
71,54.0
72,-35.0
73,95.0
74,-355.0
75,95.0
76,8.0
77,71.0
78,-365.0
79,83.0
80,-50.0
81,-360.0
82,-88.0
83,83.0
84,-360.0
85,-355.0
86,30.0
87,95.0
88,95.0
89,95.0
90,-355.0
91,-340.0
92,40.0
93,-375.0
94,-81.0
95,21.0
96,-370.0
97,30.0
98,30.0
99,-365.0
100,-355.0
101,95.0
102,95.0
103,-375.0
104,95.0
105,37.0
106,83.0
107,83.0
108,57.0
109,95.0
110,-84.0
111,-241.0
112,95.0
113,-370.0
114,-110.0
115,-16.0
116,-62.0
117,66.0
118,-365.0
119,-83.0
120,95.0
121,-85.0
122,83.0
123,95.0
124,-350.0
125,83.0
126,-52.0
127,-38.0
128,-161.0
129,83.0
130,-168.0
131,76.0
132,-360.0
133,95.0
134,83.0
135,83.0
136,-360.0
137,95.0
138,95.0
139,95.0
140,95.0
141,-375.0
142,-360.0
143,-28.0
144,42.0
145,33.0
146,-370.0
147,-22.0
148,-185.0
149,-340.0
150,95.0
151,-22.0
152,-99.0
153,-30.0
154,-88.0
155,95.0
156,-50.0
157,95.0
158,-340.0
159,95.0
160,95.0
161,-370.0
162,95.0
163,-360.0
164,-96.0
165,95.0
166,59.0
167,-180.0
168,71.0
169,83.0
170,-375.0
171,95.0
172,95.0
173,-30.0
174,95.0
175,-16.0
176,-35.0
177,83.0
178,95.0
179,-350.0
180,-80.0
181,-370.0
182,33.0
183,-370.0
184,-66.0
185,95.0
186,-64.0
187,64.0
188,-258.0
189,95.0
190,-183.0
191,25.0
192,95.0
193,95.0
194,95.0
195,-61.0
196,-23.0
197,16.0
198,95.0
199,-365.0
200,95.0
201,66.0
202,-355.0
203,66.0
204,-360.0
205,71.0
206,95.0
207,-182.0
208,-210.0
209,47.0
210,95.0
211,-164.0
212,-375.0
213,66.0
214,47.0
215,66.0
216,95.0
217,95.0
218,-139.0
219,95.0
220,54.0
221,76.0
222,95.0
223,-1.0
224,-365.0
225,71.0
226,95.0
227,-380.0
228,-325.0
229,54.0
230,-163.0
231,95.0
232,-137.0
233,42.0
234,23.0
235,-110.0
236,71.0
237,95.0
238,-355.0
239,-132.0
240,-54.0
241,95.0
242,-365.0
243,18.0
244,95.0
245,-16.0
246,95.0
247,-79.0
248,6.0
249,95.0
250,-360.0
251,95.0
252,83.0
253,-355.0
254,95.0
255,64.0
256,-350.0
257,83.0
258,-21.0
259,95.0
260,83.0
261,83.0
262,95.0
263,-16.0
264,-350.0
265,95.0
266,13.0
267,30.0
268,95.0
269,95.0
270,95.0
271,83.0
272,-6.0
273,-340.0
274,66.0
275,-56.0
276,95.0
277,-92.0
278,71.0
279,-370.0
280,-236.0
281,95.0
282,64.0
283,83.0
284,47.0
285,95.0
286,-365.0
287,95.0
288,-390.0
289,-236.0
290,-151.0
291,-197.0
292,-156.0
293,-370.0
294,-9.0
295,-173.0
296,-236.0
297,64.0
298,64.0
299,-122.0
300,95.0
301,38.0
302,95.0
303,-260.0
304,-370.0
305,95.0
306,95.0
307,95.0
308,71.0
309,-127.0
310,-163.0
311,-86.0
312,-355.0
313,95.0
314,95.0
315,-64.0
316,95.0
317,-370.0
318,95.0
319,95.0
320,-115.0
321,95.0
322,26.0
323,18.0
324,83.0
325,-355.0
326,83.0
327,95.0
328,-370.0
329,-110.0
330,95.0
331,13.0
332,59.0
333,83.0
334,95.0
335,-380.0
336,95.0
337,95.0
338,-6.0
339,-355.0
340,-375.0
341,95.0
342,-375.0
343,-380.0
344,95.0
345,95.0
346,-350.0
347,-168.0
348,95.0
349,83.0
350,95.0
351,95.0
352,-370.0
353,21.0
354,-355.0
355,95.0
356,95.0
357,-144.0
358,-365.0
359,95.0
360,95.0
361,-11.0
362,-28.0
363,-345.0
364,83.0
365,-360.0
366,95.0
367,95.0
368,25.0
369,-370.0
370,71.0
371,95.0
372,-355.0
373,-20.0
374,95.0
375,-38.0
376,95.0
377,95.0
378,76.0
379,59.0
380,-122.0
381,83.0
382,71.0
383,35.0
384,-50.0
385,95.0
386,95.0
387,95.0
388,95.0
389,-340.0
390,-35.0
391,-178.0
392,95.0
393,-360.0
394,-217.0
395,95.0
396,-380.0
397,95.0
398,-360.0
399,49.0
400,-62.0
401,-219.0
402,-184.0
403,95.0
404,-17.0
405,-110.0
406,-380.0
407,-365.0
408,-57.0
409,95.0
410,-370.0
411,95.0
412,83.0
413,95.0
414,-52.0
415,83.0
416,95.0
417,42.0
418,-61.0
419,-335.0
420,-360.0
421,-345.0
422,-370.0
423,83.0
424,95.0
425,18.0
426,-345.0
427,95.0
428,95.0
429,32.0
430,95.0
431,71.0
432,-345.0
433,95.0
434,95.0
435,-370.0
436,57.0
437,2.0
438,-355.0
439,71.0
440,-66.0
441,66.0
442,45.0
443,95.0
444,40.0
445,-365.0
446,-23.0
447,-190.0
448,-21.0
449,95.0
450,52.0
451,54.0
452,95.0
453,13.0
454,-360.0
455,83.0
456,-137.0
457,-345.0
458,-380.0
459,-13.0
460,52.0
461,-6.0
462,-161.0
463,95.0
464,83.0
465,83.0
466,83.0
467,25.0
468,-360.0
469,-355.0
470,-370.0
471,25.0
472,38.0
473,-360.0
474,-365.0
475,-273.0
476,-9.0
477,42.0
478,95.0
479,45.0
480,76.0
481,-390.0
482,-365.0
483,59.0
484,83.0
485,95.0
486,-161.0
487,-370.0
488,-370.0
489,37.0
490,47.0
491,-360.0
492,83.0
493,-375.0
494,95.0
495,95.0
496,95.0
497,95.0
498,11.0
499,95.0
500,-360.0
501,-86.0
502,-23.0
503,-365.0
504,-223.0
505,-345.0
506,-40.0
507,83.0
508,71.0
509,-350.0
510,-375.0
511,83.0
512,95.0
513,95.0
514,-37.0
515,-171.0
516,95.0
517,-365.0
518,95.0
519,-190.0
520,-340.0
521,47.0
522,95.0
523,-375.0
524,59.0
525,95.0
526,-110.0
527,-71.0
528,-350.0
529,-29.0
530,45.0
531,-13.0
532,-375.0
533,30.0
534,83.0
535,45.0
536,83.0
537,-355.0
538,-360.0
539,-360.0
540,-360.0
541,-355.0
542,95.0
543,-370.0
544,95.0
545,54.0
546,95.0
547,-40.0
548,83.0
549,83.0
550,83.0
551,-370.0
552,28.0
553,95.0
554,-8.0
555,37.0
556,-355.0
557,-350.0
558,71.0
559,95.0
560,76.0
561,95.0
562,95.0
563,-110.0
564,95.0
565,95.0
566,-355.0
567,-350.0
568,-110.0
569,95.0
570,-192.0
571,95.0
572,-350.0
573,95.0
574,-350.0
575,95.0
576,-206.0
577,-360.0
578,-370.0
579,-168.0
580,-375.0
581,95.0
582,26.0
583,71.0
584,-340.0
585,95.0
586,83.0
587,83.0
588,-3.0
589,-390.0
590,95.0
591,76.0
592,-365.0
593,57.0
594,95.0
595,-188.0
596,95.0
597,95.0
598,83.0
599,-365.0
600,45.0
601,57.0
602,-365.0
603,-178.0
604,-240.0
605,83.0
606,95.0
607,95.0
608,-375.0
609,-350.0
610,45.0
611,-21.0
612,35.0
613,95.0
614,-370.0
615,32.0
616,-360.0
617,95.0
618,-40.0
619,-375.0
620,23.0
621,83.0
622,83.0
623,-126.0
624,-74.0
625,95.0
626,-4.0
627,71.0
628,-35.0
629,95.0
630,83.0
631,71.0
632,-79.0
633,-117.0
634,95.0
635,-164.0
636,95.0
637,95.0
638,95.0
639,45.0
640,95.0
641,-380.0
642,95.0
643,-370.0
644,95.0
645,83.0
646,83.0
647,-202.0
648,71.0
649,83.0
650,95.0
651,32.0
652,-375.0
653,-365.0
654,38.0
655,-91.0
656,95.0
657,83.0
658,-355.0
659,-380.0
660,95.0
661,95.0
662,71.0
663,13.0
664,95.0
665,-345.0
666,57.0
667,-195.0
668,-370.0
669,66.0
670,38.0
671,95.0
672,-365.0
673,-350.0
674,2.0
675,-365.0
676,83.0
677,-370.0
678,-355.0
679,76.0
680,-18.0
681,-365.0
682,-365.0
683,-30.0
684,-182.0
685,95.0
686,-40.0
687,1.0
688,95.0
689,83.0
690,-365.0
691,-360.0
692,-365.0
693,-380.0
694,71.0
695,95.0
696,57.0
697,-84.0
698,95.0
699,-129.0
700,-55.0
701,95.0
702,-62.0
703,83.0
704,-385.0
705,-360.0
706,-232.0
707,-106.0
708,-62.0
709,-28.0
710,95.0
711,95.0
712,-76.0
713,-360.0
714,-360.0
715,-365.0
716,-370.0
717,-335.0
718,-207.0
719,13.0
720,-370.0
721,95.0
722,-71.0
723,83.0
724,71.0
725,95.0
726,71.0
727,95.0
728,38.0
729,32.0
730,95.0
731,95.0
732,11.0
733,-355.0
734,49.0
735,76.0
736,95.0
737,-6.0
738,38.0
739,14.0
740,-151.0
741,95.0
742,95.0
743,95.0
744,-71.0
745,-380.0
746,-360.0
747,33.0
748,95.0
749,-360.0
750,-365.0
751,-79.0
752,-258.0
753,-11.0
754,-375.0
755,71.0
756,83.0
757,76.0
758,-375.0
759,-9.0
760,-98.0
761,95.0
762,-375.0
763,95.0
764,95.0
765,71.0
766,95.0
767,64.0
768,95.0
769,95.0
770,83.0
771,42.0
772,66.0
773,-123.0
774,25.0
775,95.0
776,-360.0
777,83.0
778,95.0
779,-380.0
780,83.0
781,-105.0
782,42.0
783,95.0
784,-330.0
785,-380.0
786,95.0
787,95.0
788,54.0
789,95.0
790,95.0
791,-355.0
792,-350.0
793,-122.0
794,30.0
795,71.0
796,95.0
797,66.0
798,-370.0
799,-156.0
800,95.0
801,83.0
802,28.0
803,-375.0
804,76.0
805,95.0
806,57.0
807,95.0
808,95.0
809,-66.0
810,-370.0
811,83.0
812,-360.0
813,95.0
814,-219.0
815,57.0
816,95.0
817,-159.0
818,-380.0
819,83.0
820,40.0
821,71.0
822,-365.0
823,-375.0
824,-375.0
825,-370.0
826,-11.0
827,95.0
828,83.0
829,95.0
830,20.0
831,66.0
832,-355.0
833,28.0
834,-31.0
835,-390.0
836,47.0
837,-67.0
838,95.0
839,-101.0
840,95.0
841,95.0
842,95.0
843,-380.0
844,-355.0
845,11.0
846,37.0
847,76.0
848,1.0
849,95.0
850,95.0
851,95.0
852,95.0
853,-249.0
854,-108.0
855,95.0
856,19.0
857,-28.0
858,37.0
859,13.0
860,95.0
861,-27.0
862,83.0
863,83.0
864,8.0
865,64.0
866,-282.0
867,-370.0
868,83.0
869,18.0
870,-385.0
871,95.0
872,95.0
873,-370.0
874,83.0
875,-248.0
876,8.0
877,-375.0
878,95.0
879,-360.0
880,95.0
881,40.0
882,83.0
883,-108.0
884,-8.0
885,64.0
886,-365.0
887,-62.0
888,95.0
889,-365.0
890,-360.0
891,-21.0
892,-380.0
893,-370.0
894,64.0
895,54.0
896,-231.0
897,-91.0
898,95.0
899,83.0
900,95.0
901,95.0
902,20.0
903,-132.0
904,-385.0
905,-6.0
906,-134.0
907,-33.0
908,76.0
909,-360.0
910,-375.0
911,9.0
912,95.0
913,-105.0
914,-375.0
915,-375.0
916,-130.0
917,-370.0
918,95.0
919,52.0
920,-66.0
921,-390.0
922,95.0
923,-385.0
924,13.0
925,95.0
926,-365.0
927,95.0
928,95.0
929,95.0
930,95.0
931,-370.0
932,-11.0
933,-64.0
934,-25.0
935,-375.0
936,-116.0
937,83.0
938,-38.0
939,95.0
940,95.0
941,-360.0
942,25.0
943,-149.0
944,-375.0
945,-365.0
946,95.0
947,95.0
948,95.0
949,95.0
950,-52.0
951,-98.0
952,-113.0
953,-385.0
954,0.0
955,95.0
956,-365.0
957,-375.0
958,-385.0
959,95.0
960,-20.0
961,95.0
962,-355.0
963,95.0
964,95.0
965,-5.0
966,-380.0
967,76.0
968,95.0
969,-375.0
970,-390.0
971,95.0
972,40.0
973,-385.0
974,-375.0
975,-370.0
976,-370.0
977,95.0
978,42.0
979,-390.0
980,-370.0
981,54.0
982,-228.0
983,-360.0
984,20.0
985,95.0
986,-270.0
987,-375.0
988,57.0
989,95.0
990,-203.0
991,54.0
992,95.0
993,-149.0
994,25.0
995,95.0
996,-380.0
997,-375.0
998,-94.0
999,-380.0
1000,37.0
1001,-106.0
1002,-380.0
1003,95.0
1004,95.0
1005,-375.0
1006,95.0
1007,-380.0
1008,95.0
1009,83.0
1010,95.0
1011,-16.0
1012,-22.0
1013,19.0
1014,-78.0
1015,49.0
1016,95.0
1017,-197.0
1018,95.0
1019,76.0
1020,-196.0
1021,95.0
1022,95.0
1023,95.0
1024,-149.0
1025,-385.0
1026,-370.0
1027,-355.0
1028,20.0
1029,-380.0
1030,95.0
1031,95.0
1032,95.0
1033,95.0
1034,16.0
1035,-380.0
1036,95.0
1037,-18.0
1038,-84.0
1039,76.0
1040,95.0
1041,83.0
1042,-196.0
1043,95.0
1044,95.0
1045,95.0
1046,-375.0
1047,45.0
1048,-98.0
1049,47.0
1050,-33.0
1051,95.0
1052,83.0
1053,-375.0
1054,-102.0
1055,-9.0
1056,83.0
1057,95.0
1058,83.0
1059,71.0
1060,95.0
1061,1.0
1062,-24.0
1063,-4.0
1064,-360.0
1065,95.0
1066,95.0
1067,38.0
1068,83.0
1069,-222.0
1070,-385.0
1071,-33.0
1072,-192.0
1073,-136.0
1074,-33.0
1075,-74.0
1076,-395.0
1077,95.0
1078,66.0
1079,-370.0
1080,-74.0
1081,-350.0
1082,83.0
1083,-380.0
1084,-91.0
1085,-110.0
1086,-45.0
1087,-16.0
1088,95.0
1089,6.0
1090,95.0
1091,95.0
1092,95.0
1093,95.0
1094,-370.0
1095,-385.0
1096,-380.0
1097,95.0
1098,95.0
1099,-365.0
1100,-277.0
1101,95.0
1102,-35.0
1103,95.0
1104,0.0
1105,95.0
1106,83.0
1107,64.0
1108,95.0
1109,38.0
1110,95.0
1111,59.0
1112,-375.0
1113,95.0
1114,83.0
1115,-205.0
1116,-40.0
1117,95.0
1118,14.0
1119,-365.0
1120,95.0
1121,95.0
1122,-77.0
1123,95.0
1124,57.0
1125,-49.0
1126,16.0
1127,-360.0
1128,95.0
1129,7.0
1130,76.0
1131,83.0
1132,-375.0
1133,64.0
1134,95.0
1135,95.0
1136,9.0
1137,95.0
1138,-375.0
1139,-380.0
1140,-370.0
1141,-365.0
1142,83.0
1143,95.0
1144,95.0
1145,95.0
1146,-400.0
1147,-375.0
1148,-380.0
1149,95.0
1150,-142.0
1151,-375.0
1152,95.0
1153,95.0
1154,-375.0
1155,14.0
1156,54.0
1157,95.0
1158,95.0
1159,-117.0
1160,-251.0
1161,-375.0
1162,76.0
1163,-395.0
1164,-365.0
1165,-390.0
1166,64.0
1167,95.0
1168,71.0
1169,-42.0
1170,95.0
1171,-385.0
1172,-118.0
1173,-16.0
1174,-385.0
1175,-204.0
1176,66.0
1177,-22.0
1178,-380.0
1179,-21.0
1180,-176.0
1181,95.0
1182,-385.0
1183,95.0
1184,95.0
1185,83.0
1186,-360.0
1187,-395.0
1188,95.0
1189,-380.0
1190,-395.0
1191,95.0
1192,83.0
1193,95.0
1194,95.0
1195,-18.0
1196,95.0
1197,95.0
1198,95.0
1199,95.0
1200,-390.0
1201,95.0
1202,83.0
1203,-390.0
1204,95.0
1205,-28.0
1206,-380.0
1207,-385.0
1208,-365.0
1209,95.0
1210,49.0
1211,76.0
1212,-390.0
1213,-400.0
1214,95.0
1215,-26.0
1216,37.0
1217,-243.0
1218,95.0
1219,95.0
1220,95.0
1221,-106.0
1222,95.0
1223,-390.0
1224,-370.0
1225,95.0
1226,20.0
1227,35.0
1228,95.0
1229,95.0
1230,95.0
1231,-390.0
1232,-380.0
1233,95.0
1234,95.0
1235,83.0
1236,95.0
1237,-9.0
1238,-370.0
1239,95.0
1240,83.0
1241,-390.0
1242,-375.0
1243,-235.0
1244,95.0
1245,52.0
1246,-385.0
1247,-400.0
1248,95.0
1249,83.0
1250,8.0
1251,1.0
1252,95.0
1253,95.0
1254,-365.0
1255,54.0
1256,95.0
1257,-19.0
1258,95.0
1259,-16.0
1260,95.0
1261,-30.0
1262,95.0
1263,6.0
1264,-375.0
1265,95.0
1266,-385.0
1267,83.0
1268,95.0
1269,71.0
1270,-380.0
1271,83.0
1272,0.0
1273,-395.0
1274,95.0
1275,95.0
1276,-375.0
1277,13.0
1278,95.0
1279,8.0
1280,95.0
1281,95.0
1282,-375.0
1283,-122.0
1284,-370.0
1285,30.0
1286,-360.0
1287,76.0
1288,95.0
1289,-375.0
1290,-390.0
1291,95.0
1292,95.0
1293,95.0
1294,-380.0
1295,-147.0
1296,-73.0
1297,-57.0
1298,-395.0
1299,-265.0
1300,95.0
1301,8.0
1302,83.0
1303,19.0
1304,76.0
1305,83.0
1306,95.0
1307,-380.0
1308,-360.0
1309,-217.0
1310,-23.0
1311,-11.0
1312,28.0
1313,-134.0
1314,-395.0
1315,-204.0
1316,-13.0
1317,95.0
1318,-135.0
1319,95.0
1320,-380.0
1321,95.0
1322,57.0
1323,95.0
1324,-132.0
1325,83.0
1326,95.0
1327,95.0
1328,-390.0
1329,0.0
1330,49.0
1331,95.0
1332,95.0
1333,-405.0
1334,38.0
1335,83.0
1336,95.0
1337,13.0
1338,-380.0
1339,-18.0
1340,-227.0
1341,95.0
1342,-390.0
1343,-26.0
1344,-390.0
1345,-385.0
1346,95.0
1347,95.0
1348,71.0
1349,95.0
1350,95.0
1351,95.0
1352,-400.0
1353,-375.0
1354,95.0
1355,35.0
1356,76.0
1357,-96.0
1358,-390.0
1359,95.0
1360,95.0
1361,95.0
1362,95.0
1363,95.0
1364,-176.0
1365,-390.0
1366,83.0
1367,83.0
1368,83.0
1369,-13.0
1370,-107.0
1371,4.0
1372,83.0
1373,95.0
1374,95.0
1375,95.0
1376,-270.0
1377,-380.0
1378,95.0
1379,-390.0
1380,0.0
1381,76.0
1382,95.0
1383,95.0
1384,95.0
1385,-385.0
1386,-390.0
1387,95.0
1388,-390.0
1389,95.0
1390,38.0
1391,83.0
1392,95.0
1393,-123.0
1394,0.0
1395,83.0
1396,71.0
1397,59.0
1398,95.0
1399,-390.0
1400,47.0
1401,95.0
1402,95.0
1403,95.0
1404,-84.0
1405,95.0
1406,83.0
1407,95.0
1408,-385.0
1409,30.0
1410,-67.0
1411,-385.0
1412,-375.0
1413,-50.0
1414,57.0
1415,95.0
1416,45.0
1417,95.0
1418,95.0
1419,95.0
1420,-95.0
1421,95.0
1422,-375.0
1423,95.0
1424,95.0
1425,95.0
1426,83.0
1427,42.0
1428,95.0
1429,95.0
1430,95.0
1431,-57.0
1432,45.0
1433,-390.0
1434,95.0
1435,95.0
1436,95.0
1437,95.0
1438,95.0
1439,-91.0
1440,-385.0
1441,-395.0
1442,37.0
1443,-23.0
1444,-390.0
1445,95.0
1446,-380.0
1447,-23.0
1448,19.0
1449,-395.0
1450,-400.0
1451,-8.0
1452,-258.0
1453,-385.0
1454,-395.0
1455,-90.0
1456,95.0
1457,-171.0
1458,95.0
1459,66.0
1460,95.0
1461,95.0
1462,95.0
1463,-6.0
1464,95.0
1465,-380.0
1466,-390.0
1467,-385.0
1468,54.0
1469,95.0
1470,-375.0
1471,-395.0
1472,76.0
1473,-250.0
1474,95.0
1475,83.0
1476,-186.0
1477,-395.0
1478,95.0
1479,-380.0
1480,95.0
1481,71.0
1482,-395.0
1483,-385.0
1484,-395.0
1485,71.0
1486,-390.0
1487,-375.0
1488,-250.0
1489,95.0
1490,8.0
1491,95.0
1492,95.0
1493,95.0
1494,95.0
1495,95.0
1496,95.0
1497,3.0
1498,25.0
1499,95.0
1500,-375.0
1501,-96.0
1502,-184.0
1503,-217.0
1504,83.0
1505,-170.0
1506,95.0
1507,-380.0
1508,95.0
1509,-390.0
1510,-375.0
1511,-21.0
1512,83.0
1513,95.0
1514,-400.0
1515,95.0
1516,-395.0
1517,-395.0
1518,-375.0
1519,-395.0
1520,95.0
1521,95.0
1522,57.0
1523,-385.0
1524,-395.0
1525,-395.0
1526,-169.0
1527,-385.0
1528,95.0
1529,71.0
1530,83.0
1531,95.0
1532,-395.0
1533,95.0
1534,14.0
1535,76.0
1536,95.0
1537,-67.0
1538,-395.0
1539,76.0
1540,57.0
1541,95.0
1542,83.0
1543,95.0
1544,95.0
1545,-400.0
1546,-390.0
1547,-385.0
1548,95.0
1549,-390.0
1550,-390.0
1551,-184.0
1552,76.0
1553,-390.0
1554,-395.0
1555,95.0
1556,76.0
1557,95.0
1558,45.0
1559,-395.0
1560,-400.0
1561,95.0
1562,-395.0
1563,95.0
1564,95.0
1565,95.0
1566,95.0
1567,95.0
1568,-390.0
1569,95.0
1570,95.0
1571,-385.0
1572,49.0
1573,-400.0
1574,95.0
1575,95.0
1576,95.0
1577,76.0
1578,-395.0
1579,57.0
1580,-84.0
1581,38.0
1582,-385.0
1583,-410.0
1584,95.0
1585,95.0
1586,95.0
1587,95.0
1588,95.0
1589,95.0
1590,95.0
1591,95.0
1592,95.0
1593,-385.0
1594,95.0
1595,-375.0
1596,95.0
1597,2.0
1598,95.0
1599,-249.0
1600,83.0
1601,95.0
1602,0.0
1603,76.0
1604,95.0
1605,83.0
1606,76.0
1607,95.0
1608,95.0
1609,20.0
1610,95.0
1611,76.0
1612,-370.0
1613,-370.0
1614,95.0
1615,83.0
1616,57.0
1617,95.0
1618,83.0
1619,-3.0
1620,-111.0
1621,-141.0
1622,95.0
1623,95.0
1624,76.0
1625,-390.0
1626,95.0
1627,37.0
1628,76.0
1629,57.0
1630,95.0
1631,-204.0
1632,95.0
1633,-365.0
1634,-94.0
1635,95.0
1636,95.0
1637,95.0
1638,-172.0
1639,95.0
1640,-390.0
1641,26.0
1642,-385.0
1643,95.0
1644,-10.0
1645,-94.0
1646,-375.0
1647,95.0
1648,-390.0
1649,95.0
1650,95.0
1651,95.0
1652,28.0
1653,-98.0
1654,-79.0
1655,-375.0
1656,66.0
1657,95.0
1658,71.0
1659,76.0
1660,95.0
1661,95.0
1662,95.0
1663,-93.0
1664,-385.0
1665,-14.0
1666,57.0
1667,95.0
1668,-5.0
1669,-164.0
1670,95.0
1671,95.0
1672,-380.0
1673,-385.0
1674,95.0
1675,-9.0
1676,95.0
1677,95.0
1678,95.0
1679,95.0
1680,-370.0
1681,95.0
1682,19.0
1683,95.0
1684,-395.0
1685,95.0
1686,-84.0
1687,83.0
1688,95.0
1689,6.0
1690,-385.0
1691,95.0
1692,95.0
1693,57.0
1694,-385.0
1695,14.0
1696,95.0
1697,95.0
1698,-18.0
1699,47.0
1700,95.0
1701,-375.0
1702,-370.0
1703,-90.0
1704,83.0
1705,-365.0
1706,-50.0
1707,-55.0
1708,95.0
1709,95.0
1710,95.0
1711,-375.0
1712,-47.0
1713,-67.0
1714,-183.0
1715,95.0
1716,95.0
1717,-350.0
1718,-355.0
1719,95.0
1720,95.0
1721,95.0
1722,95.0
1723,-360.0
1724,-395.0
1725,-151.0
1726,95.0
1727,95.0
1728,95.0
1729,95.0
1730,-345.0
1731,95.0
1732,95.0
1733,95.0
1734,-215.0
1735,95.0
1736,57.0
1737,21.0
1738,-380.0
1739,95.0
1740,49.0
1741,95.0
1742,95.0
1743,-37.0
1744,95.0
1745,95.0
1746,95.0
1747,95.0
1748,-395.0
1749,-157.0
1750,95.0
1751,95.0
1752,95.0
1753,95.0
1754,95.0
1755,83.0
1756,-375.0
1757,95.0
1758,95.0
1759,28.0
1760,95.0
1761,59.0
1762,37.0
1763,-35.0
1764,95.0
1765,95.0
1766,95.0
1767,57.0
1768,95.0
1769,-139.0
1770,-360.0
1771,-335.0
1772,95.0
1773,95.0
1774,-375.0
1775,-97.0
1776,95.0
1777,95.0
1778,95.0
1779,-193.0
1780,95.0
1781,95.0
1782,-21.0
1783,95.0
1784,95.0
1785,95.0
1786,95.0
1787,-84.0
1788,45.0
1789,95.0
1790,-139.0
1791,83.0
1792,95.0
1793,-152.0
1794,95.0
1795,95.0
1796,95.0
1797,-355.0
1798,66.0
1799,95.0
1800,95.0
1801,-380.0
1802,95.0
1803,28.0
1804,95.0
1805,-380.0
1806,95.0
1807,95.0
1808,95.0
1809,95.0
1810,95.0
1811,95.0
1812,35.0
1813,95.0
1814,83.0
1815,95.0
1816,95.0
1817,71.0
1818,-56.0
1819,95.0
1820,-8.0
1821,95.0
1822,-345.0
1823,-228.0
1824,-365.0
1825,-33.0
1826,95.0
1827,95.0
1828,95.0
1829,95.0
1830,95.0
1831,-345.0
1832,95.0
1833,-375.0
1834,6.0
1835,95.0
1836,-375.0
1837,-390.0
1838,83.0
1839,95.0
1840,95.0
1841,-79.0
1842,95.0
1843,95.0
1844,-144.0
1845,83.0
1846,95.0
1847,-166.0
1848,95.0
1849,95.0
1850,95.0
1851,95.0
1852,-35.0
1853,-365.0
1854,-380.0
1855,95.0
1856,-325.0
1857,95.0
1858,49.0
1859,-365.0
1860,76.0
1861,-370.0
1862,95.0
1863,-330.0
1864,-48.0
1865,-33.0
1866,83.0
1867,95.0
1868,-370.0
1869,-233.0
1870,-242.0
1871,-375.0
1872,95.0
1873,49.0
1874,95.0
1875,-385.0
1876,95.0
1877,95.0
1878,95.0
1879,-106.0
1880,95.0
1881,-215.0
1882,95.0
1883,83.0
1884,64.0
1885,-19.0
1886,-355.0
1887,-335.0
1888,-193.0
1889,95.0
1890,-350.0
1891,-375.0
1892,95.0
1893,-370.0
1894,3.0
1895,95.0
1896,95.0
1897,-395.0
1898,76.0
1899,95.0
1900,-385.0
1901,18.0
1902,95.0
1903,95.0
1904,95.0
1905,95.0
1906,-370.0
1907,83.0
1908,95.0
1909,95.0
1910,95.0
1911,-370.0
1912,95.0
1913,-200.0
1914,25.0
1915,-355.0
1916,-360.0
1917,-275.0
1918,-365.0
1919,-55.0
1920,95.0
1921,-16.0
1922,95.0
1923,-260.0
1924,95.0
1925,83.0
1926,95.0
1927,95.0
1928,95.0
1929,76.0
1930,95.0
1931,95.0
1932,-385.0
1933,-79.0
1934,95.0
1935,95.0
1936,-385.0
1937,95.0
1938,66.0
1939,83.0
1940,-390.0
1941,95.0
1942,95.0
1943,95.0
1944,-350.0
1945,-335.0
1946,95.0
1947,95.0
1948,45.0
1949,-360.0
1950,95.0
1951,-54.0
1952,95.0
1953,-170.0
1954,66.0
1955,95.0
1956,95.0
1957,83.0
1958,-76.0
1959,95.0
1960,95.0
1961,57.0
1962,13.0
1963,-370.0
1964,95.0
1965,76.0
1966,3.0
1967,-120.0
1968,25.0
1969,95.0
1970,95.0
1971,83.0
1972,95.0
1973,-390.0
1974,-108.0
1975,95.0
1976,-375.0
1977,95.0
1978,-370.0
1979,95.0
1980,95.0
1981,83.0
1982,11.0
1983,-360.0
1984,-210.0
1985,-67.0
1986,19.0
1987,95.0
1988,47.0
1989,95.0
1990,95.0
1991,-375.0
1992,95.0
1993,-210.0
1994,83.0
1995,-164.0
1996,83.0
1997,95.0
1998,76.0
1999,-395.0
2000,8.0
2001,83.0
2002,95.0
2003,95.0
2004,95.0
2005,-385.0
2006,95.0
2007,95.0
2008,83.0
2009,25.0
2010,-385.0
2011,95.0
2012,-78.0
2013,95.0
2014,-9.0
2015,-137.0
2016,95.0
2017,95.0
2018,95.0
2019,95.0
2020,-79.0
2021,95.0
2022,-395.0
2023,-380.0
2024,-385.0
2025,95.0
2026,38.0
2027,-60.0
2028,95.0
2029,95.0
2030,-370.0
2031,95.0
2032,-119.0
2033,20.0
2034,95.0
2035,95.0
2036,83.0
2037,-380.0
2038,-52.0
2039,95.0
2040,95.0
2041,-74.0
2042,64.0
2043,-385.0
2044,57.0
2045,-395.0
2046,-390.0
2047,95.0
2048,11.0
2049,83.0
2050,83.0
2051,95.0
2052,-395.0
2053,95.0
2054,95.0
2055,95.0
2056,95.0
2057,95.0
2058,95.0
2059,76.0
2060,95.0
2061,95.0
2062,95.0
2063,-385.0
2064,49.0
2065,-51.0
2066,-21.0
2067,-268.0
2068,49.0
2069,-390.0
2070,-365.0
2071,25.0
2072,-365.0
2073,-236.0
2074,95.0
2075,57.0
2076,32.0
2077,42.0
2078,95.0
2079,95.0
2080,57.0
2081,95.0
2082,-375.0
2083,95.0
2084,49.0
2085,95.0
2086,-370.0
2087,71.0
2088,95.0
2089,-21.0
2090,95.0
2091,83.0
2092,95.0
2093,95.0
2094,-115.0
2095,83.0
2096,-38.0
2097,95.0
2098,95.0
2099,95.0
2100,-375.0
2101,-375.0
2102,95.0
2103,95.0
2104,95.0
2105,95.0
2106,-205.0
2107,-365.0
2108,-380.0
2109,95.0
2110,-385.0
2111,-380.0
2112,-248.0
2113,95.0
2114,11.0
2115,-380.0
2116,95.0
2117,-385.0
2118,95.0
2119,-395.0
2120,-365.0
2121,95.0
2122,-360.0
2123,-350.0
2124,83.0
2125,95.0
2126,95.0
2127,64.0
2128,95.0
2129,-375.0
2130,95.0
2131,95.0
2132,95.0
2133,38.0
2134,95.0
2135,-365.0
2136,-385.0
2137,95.0
2138,95.0
2139,95.0
2140,95.0
2141,-365.0
2142,-365.0
2143,95.0
2144,95.0
2145,95.0
2146,-14.0
2147,-390.0
2148,-380.0
2149,54.0
2150,95.0
2151,-132.0
2152,95.0
2153,95.0
2154,95.0
2155,71.0
2156,-189.0
2157,45.0
2158,95.0
2159,49.0
2160,-370.0
2161,95.0
2162,95.0
2163,-360.0
2164,-360.0
2165,-130.0
2166,95.0
2167,95.0
2168,95.0
2169,-14.0
2170,95.0
2171,-365.0
2172,95.0
2173,3.0
2174,95.0
2175,95.0
2176,-395.0
2177,95.0
2178,95.0
2179,20.0
2180,-103.0
2181,95.0
2182,76.0
2183,95.0
2184,95.0
2185,95.0
2186,95.0
2187,54.0
2188,-66.0
2189,-375.0
2190,95.0
2191,95.0
2192,-380.0
2193,95.0
2194,95.0
2195,1.0
2196,32.0
2197,-345.0
2198,95.0
2199,95.0
2200,0.0
2201,-380.0
2202,95.0
2203,95.0
2204,95.0
2205,95.0
2206,-88.0
2207,-360.0
2208,95.0
2209,95.0
2210,95.0
2211,95.0
2212,76.0
2213,95.0
2214,95.0
2215,-370.0
2216,-137.0
2217,95.0
2218,-355.0
2219,-157.0
2220,95.0
2221,95.0
2222,95.0
2223,6.0
2224,95.0
2225,-11.0
2226,95.0
2227,49.0
2228,-360.0
2229,-144.0
2230,-365.0
2231,95.0
2232,95.0
2233,95.0
2234,95.0
2235,-280.0
2236,95.0
2237,95.0
2238,-365.0
2239,95.0
2240,95.0
2241,47.0
2242,95.0
2243,-370.0
2244,95.0
2245,66.0
2246,95.0
2247,95.0
2248,59.0
2249,95.0
2250,95.0
2251,-370.0
2252,-380.0
2253,95.0
2254,95.0
2255,95.0
2256,83.0
2257,95.0
2258,95.0
2259,95.0
2260,-350.0
2261,-370.0
2262,95.0
2263,-365.0
2264,49.0
2265,95.0
2266,95.0
2267,76.0
2268,-375.0
2269,-188.0
2270,30.0
2271,38.0
2272,-370.0
2273,-360.0
2274,71.0
2275,95.0
2276,95.0
2277,-375.0
2278,95.0
2279,-11.0
2280,95.0
2281,95.0
2282,25.0
2283,83.0
2284,95.0
2285,76.0
2286,18.0
2287,95.0
2288,95.0
2289,-91.0
2290,18.0
2291,95.0
2292,95.0
2293,95.0
2294,-355.0
2295,-375.0
2296,95.0
2297,47.0
2298,95.0
2299,83.0
2300,-375.0
2301,-14.0
2302,-224.0
2303,95.0
2304,-360.0
2305,-360.0
2306,-375.0
2307,-4.0
2308,-365.0
2309,-380.0
2310,83.0
2311,95.0
2312,-365.0
2313,95.0
2314,95.0
2315,-217.0
2316,83.0
2317,-365.0
2318,95.0
2319,18.0
2320,49.0
2321,95.0
2322,66.0
2323,8.0
2324,-38.0
2325,-214.0
2326,-350.0
2327,95.0
2328,95.0
2329,95.0
2330,95.0
2331,-345.0
2332,95.0
2333,8.0
2334,8.0
2335,76.0
2336,95.0
2337,-350.0
2338,95.0
2339,-4.0
2340,-112.0
2341,-156.0
2342,76.0
2343,95.0
2344,83.0
2345,42.0
2346,95.0
2347,95.0
2348,49.0
2349,95.0
2350,54.0
2351,95.0
2352,-360.0
2353,95.0
2354,95.0
2355,76.0
2356,-33.0
2357,95.0
2358,95.0
2359,-360.0
2360,95.0
2361,-375.0
2362,95.0
2363,95.0
2364,-350.0
2365,95.0
2366,95.0
2367,95.0
2368,-355.0
2369,-345.0
2370,83.0
2371,95.0
2372,95.0
2373,-35.0
2374,-365.0
2375,-52.0
2376,95.0
2377,-360.0
2378,-26.0
2379,42.0
2380,-360.0
2381,95.0
2382,95.0
2383,-370.0
2384,83.0
2385,95.0
2386,-355.0
2387,59.0
2388,95.0
2389,42.0
2390,95.0
2391,95.0
2392,-360.0
2393,32.0
2394,95.0
2395,-360.0
2396,-365.0
2397,95.0
2398,-4.0
2399,-9.0
2400,-365.0
2401,95.0
2402,95.0
2403,-105.0
2404,-13.0
2405,-350.0
2406,95.0
2407,95.0
2408,95.0
2409,-125.0
2410,-360.0
2411,54.0
2412,-365.0
2413,95.0
2414,95.0
2415,95.0
2416,95.0
2417,95.0
2418,-345.0
2419,20.0
2420,95.0
2421,83.0
2422,-365.0
2423,-45.0
2424,-207.0
2425,95.0
2426,95.0
2427,-81.0
2428,25.0
2429,83.0
2430,71.0
2431,-110.0
2432,95.0
2433,95.0
2434,95.0
2435,95.0
2436,-221.0
2437,83.0
2438,95.0
2439,95.0
2440,-360.0
2441,95.0
2442,95.0
2443,-360.0
2444,-370.0
2445,37.0
2446,-375.0
2447,95.0
2448,95.0
2449,83.0
2450,-355.0
2451,95.0
2452,-27.0
2453,-370.0
2454,95.0
2455,-360.0
2456,-365.0
2457,95.0
2458,95.0
2459,-380.0
2460,76.0
2461,95.0
2462,95.0
2463,95.0
2464,-370.0
2465,6.0
2466,95.0
2467,83.0
2468,95.0
2469,66.0
2470,95.0
2471,-355.0
2472,25.0
2473,95.0
2474,95.0
2475,-350.0
2476,38.0
2477,-355.0
2478,95.0
2479,95.0
2480,-350.0
2481,-345.0
2482,95.0
2483,-69.0
2484,95.0
2485,95.0
2486,-375.0
2487,95.0
2488,95.0
2489,95.0
2490,95.0
2491,95.0
2492,-11.0
2493,-365.0
2494,95.0
2495,95.0
2496,76.0
2497,42.0
2498,95.0
2499,95.0
2500,-355.0
2501,95.0
2502,-350.0
2503,57.0
2504,-360.0
2505,-245.0
2506,95.0
2507,95.0
2508,95.0
2509,76.0
2510,95.0
2511,95.0
2512,-355.0
2513,95.0
2514,-132.0
2515,-365.0
2516,95.0
2517,-370.0
2518,-113.0
2519,95.0
2520,95.0
2521,64.0
2522,-360.0
2523,-33.0
2524,95.0
2525,95.0
2526,-380.0
2527,-19.0
2528,49.0
2529,95.0
2530,95.0
2531,-365.0
2532,-65.0
2533,95.0
2534,-142.0
2535,-360.0
2536,95.0
2537,-355.0
2538,95.0
2539,-375.0
2540,95.0
2541,-360.0
2542,-360.0
2543,37.0
2544,37.0
2545,95.0
2546,-9.0
2547,95.0
2548,-355.0
2549,-355.0
2550,-355.0
2551,-168.0
2552,-355.0
2553,-345.0
2554,-335.0
2555,66.0
2556,95.0
2557,95.0
2558,95.0
2559,95.0
2560,95.0
2561,-355.0
2562,95.0
2563,95.0
2564,95.0
2565,95.0
2566,95.0
2567,-360.0
2568,95.0
2569,-345.0
2570,-340.0
2571,95.0
2572,-40.0
2573,-28.0
2574,76.0
2575,95.0
2576,95.0
2577,95.0
2578,95.0
2579,95.0
2580,95.0
2581,95.0
2582,-340.0
2583,1.0
2584,95.0
2585,95.0
2586,95.0
2587,-350.0
2588,-6.0
2589,95.0
2590,33.0
2591,95.0
2592,95.0
2593,95.0
2594,95.0
2595,95.0
2596,-340.0
2597,-385.0
2598,95.0
2599,95.0
2600,95.0
2601,49.0
2602,95.0
2603,45.0
2604,95.0
2605,95.0
2606,-38.0
2607,95.0
2608,54.0
2609,-350.0
2610,-350.0
2611,95.0
2612,83.0
2613,95.0
2614,-370.0
2615,95.0
2616,95.0
2617,-340.0
2618,95.0
2619,95.0
2620,95.0
2621,-385.0
2622,95.0
2623,95.0
2624,-330.0
2625,95.0
2626,95.0
2627,95.0
2628,95.0
2629,-340.0
2630,38.0
2631,95.0
2632,-25.0
2633,66.0
2634,95.0
2635,6.0
2636,-350.0
2637,-6.0
2638,95.0
2639,66.0
2640,71.0
2641,57.0
2642,95.0
2643,95.0
2644,-335.0
2645,95.0
2646,-380.0
2647,95.0
2648,95.0
2649,-355.0
2650,14.0
2651,95.0
2652,37.0
2653,-345.0
2654,95.0
2655,95.0
2656,95.0
2657,95.0
2658,95.0
2659,49.0
2660,95.0
2661,95.0
2662,-28.0
2663,-43.0
2664,95.0
2665,95.0
2666,95.0
2667,-315.0
2668,95.0
2669,-140.0
2670,95.0
2671,-335.0
2672,95.0
2673,95.0
2674,-335.0
2675,95.0
2676,49.0
2677,-340.0
2678,95.0
2679,-47.0
2680,95.0
2681,95.0
2682,95.0
2683,-26.0
2684,-370.0
2685,76.0
2686,95.0
2687,-264.0
2688,95.0
2689,95.0
2690,95.0
2691,95.0
2692,-385.0
2693,95.0
2694,95.0
2695,95.0
2696,-198.0
2697,95.0
2698,95.0
2699,95.0
2700,-315.0
2701,95.0
2702,95.0
2703,6.0
2704,95.0
2705,-330.0
2706,-395.0
2707,95.0
2708,-305.0
2709,95.0
2710,95.0
2711,95.0
2712,95.0
2713,95.0
2714,95.0
2715,-335.0
2716,95.0
2717,95.0
2718,95.0
2719,-330.0
2720,-390.0
2721,95.0
2722,-45.0
2723,-355.0
2724,57.0
2725,-350.0
2726,95.0
2727,95.0
2728,95.0
2729,95.0
2730,95.0
2731,95.0
2732,95.0
2733,0.0
2734,19.0
2735,-345.0
2736,-315.0
2737,95.0
2738,95.0
2739,95.0
2740,37.0
2741,95.0
2742,-340.0
2743,95.0
2744,95.0
2745,95.0
2746,-340.0
2747,95.0
2748,95.0
2749,95.0
2750,95.0
2751,95.0
2752,-320.0
2753,23.0
2754,95.0
2755,-335.0
2756,95.0
2757,95.0
2758,95.0
2759,76.0
2760,95.0
2761,83.0
2762,95.0
2763,95.0
2764,-365.0
2765,76.0
2766,95.0
2767,-35.0
2768,-47.0
2769,95.0
2770,95.0
2771,-350.0
2772,57.0
2773,76.0
2774,66.0
2775,-143.0
2776,95.0
2777,54.0
2778,95.0
2779,95.0
2780,95.0
2781,-305.0
2782,-315.0
2783,66.0
2784,95.0
2785,95.0
2786,95.0
2787,95.0
2788,95.0
2789,30.0
2790,95.0
2791,95.0
2792,95.0
2793,95.0
2794,95.0
2795,40.0
2796,-310.0
2797,-16.0
2798,-315.0
2799,-335.0
2800,95.0
2801,95.0
2802,95.0
2803,66.0
2804,95.0
2805,-390.0
2806,95.0
2807,37.0
2808,95.0
2809,95.0
2810,-385.0
2811,95.0
2812,95.0
2813,95.0
2814,-96.0
2815,76.0
2816,95.0
2817,95.0
2818,-335.0
2819,95.0
2820,95.0
2821,-385.0
2822,47.0
2823,-182.0
2824,-395.0
2825,-390.0
2826,95.0
2827,-40.0
2828,76.0
2829,95.0
2830,-330.0
2831,66.0
2832,95.0
2833,95.0
2834,95.0
2835,95.0
2836,-400.0
2837,37.0
2838,76.0
2839,95.0
2840,95.0
2841,95.0
2842,76.0
2843,40.0
2844,95.0
2845,54.0
2846,95.0
2847,95.0
2848,95.0
2849,95.0
2850,95.0
2851,66.0
2852,26.0
2853,76.0
2854,95.0
2855,-400.0
2856,95.0
2857,95.0
2858,-320.0
2859,-269.0
2860,-84.0
2861,95.0
2862,95.0
2863,95.0
2864,95.0
2865,95.0
2866,95.0
2867,-390.0
2868,42.0
2869,95.0
2870,95.0
2871,49.0
2872,66.0
2873,95.0
2874,-365.0
2875,-13.0
2876,95.0
2877,35.0
2878,76.0
2879,95.0
2880,8.0
2881,95.0
2882,49.0
2883,76.0
2884,95.0
2885,95.0
2886,95.0
2887,95.0
2888,-395.0
2889,95.0
2890,-395.0
2891,95.0
2892,76.0
2893,64.0
2894,95.0
2895,47.0
2896,-242.0
2897,-18.0
2898,25.0
2899,95.0
2900,-375.0
2901,95.0
2902,95.0
2903,-375.0
2904,95.0
2905,16.0
2906,95.0
2907,95.0
2908,-400.0
2909,95.0
2910,-395.0
2911,95.0
2912,83.0
2913,-390.0
2914,76.0
2915,-177.0
2916,95.0
2917,95.0
2918,66.0
2919,95.0
2920,-390.0
2921,95.0
2922,-335.0
2923,-67.0
2924,95.0
2925,76.0
2926,-390.0
2927,95.0
2928,-385.0
2929,95.0
2930,95.0
2931,-370.0
2932,83.0
2933,95.0
2934,-136.0
2935,95.0
2936,18.0
2937,54.0
2938,49.0
2939,95.0
2940,76.0
2941,-241.0
2942,95.0
2943,95.0
2944,8.0
2945,-380.0
2946,-370.0
2947,95.0
2948,95.0
2949,-380.0
2950,-13.0
2951,95.0
2952,-375.0
2953,95.0
2954,95.0
2955,95.0
2956,-325.0
2957,95.0
2958,95.0
2959,95.0
2960,95.0
2961,83.0
2962,95.0
2963,-134.0
2964,30.0
2965,95.0
2966,95.0
2967,-370.0
2968,95.0
2969,95.0
2970,95.0
2971,95.0
2972,95.0
2973,95.0
2974,95.0
2975,76.0
2976,95.0
2977,95.0
2978,95.0
2979,95.0
2980,57.0
2981,95.0
2982,-320.0
2983,95.0
2984,95.0
2985,95.0
2986,95.0
2987,76.0
2988,95.0
2989,-340.0
2990,95.0
2991,95.0
2992,-310.0
2993,95.0
2994,95.0
2995,54.0
2996,95.0
2997,95.0
2998,95.0
2999,37.0
3000,95.0
3001,-380.0
3002,95.0
3003,-350.0
3004,59.0
3005,95.0
3006,95.0
3007,-370.0
3008,95.0
3009,47.0
3010,95.0
3011,95.0
3012,-11.0
3013,95.0
3014,95.0
3015,-127.0
3016,95.0
3017,95.0
3018,83.0
3019,95.0
3020,95.0
3021,-320.0
3022,35.0
3023,95.0
3024,95.0
3025,95.0
3026,95.0
3027,76.0
3028,95.0
3029,95.0
3030,64.0
3031,95.0
3032,95.0
3033,-380.0
3034,71.0
3035,95.0
3036,30.0
3037,95.0
3038,95.0
3039,25.0
3040,95.0
3041,-59.0
3042,59.0
3043,95.0
3044,95.0
3045,16.0
3046,95.0
3047,95.0
3048,95.0
3049,95.0
3050,49.0
3051,-35.0
3052,95.0
3053,95.0
3054,95.0
3055,95.0
3056,95.0
3057,54.0
3058,95.0
3059,76.0
3060,95.0
3061,83.0
3062,95.0
3063,95.0
3064,95.0
3065,95.0
3066,-38.0
3067,-370.0
3068,49.0
3069,-370.0
3070,95.0
3071,64.0
3072,95.0
3073,-325.0
3074,76.0
3075,47.0
3076,40.0
3077,95.0
3078,49.0
3079,71.0
3080,-315.0
3081,95.0
3082,95.0
3083,64.0
3084,-370.0
3085,95.0
3086,95.0
3087,49.0
3088,95.0
3089,64.0
3090,71.0
3091,-360.0
3092,95.0
3093,-133.0
3094,95.0
3095,52.0
3096,-315.0
3097,-320.0
3098,76.0
3099,6.0
3100,95.0
3101,95.0
3102,64.0
3103,95.0
3104,54.0
3105,64.0
3106,-92.0
3107,95.0
3108,95.0
3109,95.0
3110,-90.0
3111,95.0
3112,20.0
3113,-11.0
3114,95.0
3115,95.0
3116,95.0
3117,-380.0
3118,95.0
3119,66.0
3120,71.0
3121,95.0
3122,59.0
3123,-320.0
3124,64.0
3125,95.0
3126,95.0
3127,-365.0
3128,52.0
3129,95.0
3130,-310.0
3131,71.0
3132,95.0
3133,59.0
3134,95.0
3135,95.0
3136,95.0
3137,16.0
3138,49.0
3139,95.0
3140,52.0
3141,-315.0
3142,52.0
3143,95.0
3144,95.0
3145,-335.0
3146,95.0
3147,95.0
3148,-320.0
3149,76.0
3150,40.0
3151,-340.0
3152,95.0
3153,64.0
3154,95.0
3155,95.0
3156,95.0
3157,95.0
3158,-340.0
3159,95.0
3160,83.0
3161,95.0
3162,-25.0
3163,95.0
3164,95.0
3165,95.0
3166,95.0
3167,95.0
3168,66.0
3169,95.0
3170,54.0
3171,95.0
3172,95.0
3173,95.0
3174,71.0
3175,-350.0
3176,95.0
3177,95.0
3178,64.0
3179,64.0
3180,-340.0
3181,-345.0
3182,-335.0
3183,71.0
3184,-335.0
3185,95.0
3186,40.0
3187,95.0
3188,95.0
3189,95.0
3190,-35.0
3191,49.0
3192,95.0
3193,8.0
3194,-66.0
3195,57.0
3196,95.0
3197,95.0
3198,95.0
3199,95.0
3200,95.0
3201,83.0
3202,95.0
3203,95.0
3204,95.0
3205,95.0
3206,71.0
3207,42.0
3208,49.0
3209,95.0
3210,71.0
3211,-340.0
3212,71.0
3213,95.0
3214,83.0
3215,95.0
3216,66.0
3217,95.0
3218,95.0
3219,95.0
3220,95.0
3221,1.0
3222,16.0
3223,38.0
3224,95.0
3225,83.0
3226,83.0
3227,76.0
3228,95.0
3229,95.0
3230,95.0
3231,95.0
3232,47.0
3233,95.0
3234,95.0
3235,95.0
3236,95.0
3237,95.0
3238,95.0
3239,95.0
3240,95.0
3241,95.0
3242,95.0
3243,95.0
3244,95.0
3245,95.0
3246,-320.0
3247,64.0
3248,95.0
3249,95.0
3250,95.0
3251,-23.0
3252,95.0
3253,95.0
3254,-47.0
3255,95.0
3256,95.0
3257,95.0
3258,-13.0
3259,-143.0
3260,95.0
3261,95.0
3262,-189.0
3263,-305.0
3264,-340.0
3265,95.0
3266,47.0
3267,95.0
3268,59.0
3269,71.0
3270,64.0
3271,95.0
3272,66.0
3273,95.0
3274,95.0
3275,95.0
3276,95.0
3277,66.0
3278,95.0
3279,83.0
3280,95.0
3281,95.0
3282,95.0
3283,95.0
3284,-320.0
3285,95.0
3286,95.0
3287,95.0
3288,59.0
3289,95.0
3290,95.0
3291,-148.0
3292,95.0
3293,-206.0
3294,49.0
3295,95.0
3296,-37.0
3297,95.0
3298,95.0
3299,95.0
3300,95.0
3301,95.0
3302,83.0
3303,95.0
3304,95.0
3305,71.0
3306,95.0
3307,64.0
3308,71.0
3309,95.0
3310,54.0
3311,20.0
3312,-23.0
3313,95.0
3314,95.0
3315,-340.0
3316,95.0
3317,-170.0
3318,95.0
3319,-310.0
3320,95.0
3321,95.0
3322,-305.0
3323,95.0
3324,95.0
3325,95.0
3326,95.0
3327,47.0
3328,95.0
3329,95.0
3330,4.0
3331,76.0
3332,95.0
3333,54.0
3334,95.0
3335,30.0
3336,95.0
3337,47.0
3338,57.0
3339,64.0
3340,95.0
3341,64.0
3342,95.0
3343,95.0
3344,95.0
3345,95.0
3346,95.0
3347,95.0
3348,-196.0
3349,59.0
3350,95.0
3351,95.0
3352,95.0
3353,49.0
3354,-34.0
3355,95.0
3356,95.0
3357,95.0
3358,-42.0
3359,95.0
3360,83.0
3361,71.0
3362,71.0
3363,54.0
3364,95.0
3365,95.0
3366,95.0
3367,64.0
3368,95.0
3369,95.0
3370,-345.0
3371,-350.0
3372,95.0
3373,95.0
3374,23.0
3375,95.0
3376,95.0
3377,95.0
3378,95.0
3379,95.0
3380,54.0
3381,95.0
3382,-345.0
3383,95.0
3384,95.0
3385,49.0
3386,76.0
3387,-315.0
3388,71.0
3389,95.0
3390,95.0
3391,95.0
3392,64.0
3393,95.0
3394,64.0
3395,54.0
3396,37.0
3397,45.0
3398,42.0
3399,-310.0
3400,95.0
3401,-163.0
3402,83.0
3403,83.0
3404,95.0
3405,-20.0
3406,95.0
3407,83.0
3408,71.0
3409,95.0
3410,95.0
3411,64.0
3412,95.0
3413,71.0
3414,71.0
3415,95.0
3416,71.0
3417,71.0
3418,71.0
3419,95.0
3420,71.0
3421,95.0
3422,95.0
3423,95.0
3424,-315.0
3425,95.0
3426,95.0
3427,95.0
3428,35.0
3429,37.0
3430,57.0
3431,-31.0
3432,95.0
3433,95.0
3434,37.0
3435,95.0
3436,95.0
3437,95.0
3438,95.0
3439,95.0
3440,64.0
3441,95.0
3442,95.0
3443,37.0
3444,95.0
3445,-10.0
3446,71.0
3447,37.0
3448,95.0
3449,95.0
3450,66.0
3451,95.0
3452,95.0
3453,95.0
3454,45.0
3455,95.0
3456,95.0
3457,95.0
3458,-47.0
3459,95.0
3460,95.0
3461,95.0
3462,64.0
3463,20.0
3464,95.0
3465,95.0
3466,95.0
3467,71.0
3468,95.0
3469,35.0
3470,83.0
3471,95.0
3472,83.0
3473,38.0
3474,95.0
3475,71.0
3476,-345.0
3477,95.0
3478,95.0
3479,95.0
3480,95.0
3481,71.0
3482,95.0
3483,47.0
3484,95.0
3485,95.0
3486,95.0
3487,83.0
3488,64.0
3489,66.0
3490,-310.0
3491,95.0
3492,64.0
3493,95.0
3494,-31.0
3495,59.0
3496,95.0
3497,95.0
3498,95.0
3499,95.0
3500,95.0
3501,95.0
3502,95.0
3503,95.0
3504,95.0
3505,95.0
3506,95.0
3507,-111.0
3508,71.0
3509,66.0
3510,-345.0
3511,95.0
3512,64.0
3513,42.0
3514,95.0
3515,37.0
3516,95.0
3517,71.0
3518,25.0
3519,95.0
3520,95.0
3521,95.0
3522,37.0
3523,71.0
3524,37.0
3525,54.0
3526,64.0
3527,95.0
3528,66.0
3529,95.0
3530,83.0
3531,95.0
3532,95.0
3533,42.0
3534,71.0
3535,64.0
3536,83.0
3537,49.0
3538,40.0
3539,71.0
3540,40.0
3541,95.0
3542,95.0
3543,71.0
3544,95.0
3545,66.0
3546,26.0
3547,95.0
3548,95.0
3549,83.0
3550,95.0
3551,71.0
3552,71.0
3553,95.0
3554,-355.0
3555,-345.0
3556,71.0
3557,95.0
3558,95.0
3559,71.0
3560,95.0
3561,83.0
3562,54.0
3563,95.0
3564,95.0
3565,66.0
3566,95.0
3567,95.0
3568,95.0
3569,95.0
3570,25.0
3571,95.0
3572,95.0
3573,95.0
3574,95.0
3575,95.0
3576,95.0
3577,95.0
3578,-40.0
3579,83.0
3580,76.0
3581,95.0
3582,83.0
3583,95.0
3584,-335.0
3585,95.0
3586,64.0
3587,-19.0
3588,83.0
3589,95.0
3590,95.0
3591,13.0
3592,95.0
3593,95.0
3594,64.0
3595,95.0
3596,95.0
3597,-355.0
3598,95.0
3599,66.0
3600,95.0
3601,95.0
3602,-355.0
3603,95.0
3604,95.0
3605,95.0
3606,95.0
3607,95.0
3608,66.0
3609,-4.0
3610,-350.0
3611,-340.0
3612,83.0
3613,95.0
3614,71.0
3615,-345.0
3616,83.0
3617,95.0
3618,95.0
3619,95.0
3620,35.0
3621,95.0
3622,95.0
3623,95.0
3624,95.0
3625,52.0
3626,7.0
3627,83.0
3628,71.0
3629,95.0
3630,95.0
3631,95.0
3632,95.0
3633,95.0
3634,83.0
3635,-315.0
3636,-345.0
3637,-335.0
3638,-335.0
3639,95.0
3640,64.0
3641,95.0
3642,95.0
3643,71.0
3644,83.0
3645,-340.0
3646,66.0
3647,-315.0
3648,71.0
3649,52.0
3650,95.0
3651,95.0
3652,-330.0
3653,95.0
3654,95.0
3655,95.0
3656,95.0
3657,-61.0
3658,-315.0
3659,76.0
3660,95.0
3661,95.0
3662,95.0
3663,71.0
3664,95.0
3665,95.0
3666,95.0
3667,42.0
3668,25.0
3669,95.0
3670,95.0
3671,59.0
3672,71.0
3673,71.0
3674,95.0
3675,71.0
3676,95.0
3677,83.0
3678,95.0
3679,95.0
3680,95.0
3681,25.0
3682,83.0
3683,83.0
3684,64.0
3685,95.0
3686,71.0
3687,-60.0
3688,71.0
3689,95.0
3690,71.0
3691,95.0
3692,95.0
3693,83.0
3694,76.0
3695,52.0
3696,95.0
3697,95.0
3698,95.0
3699,95.0
3700,95.0
3701,95.0
3702,25.0
3703,28.0
3704,83.0
3705,71.0
3706,95.0
3707,95.0
3708,95.0
3709,-310.0
3710,95.0
3711,52.0
3712,64.0
3713,95.0
3714,95.0
3715,95.0
3716,54.0
3717,95.0
3718,64.0
3719,-22.0
3720,49.0
3721,95.0
3722,95.0
3723,71.0
3724,83.0
3725,95.0
3726,-64.0
3727,95.0
3728,-320.0
3729,95.0
3730,-325.0
3731,35.0
3732,95.0
3733,95.0
3734,95.0
3735,-201.0
3736,66.0
3737,95.0
3738,95.0
3739,95.0
3740,47.0
3741,95.0
3742,95.0
3743,40.0
3744,95.0
3745,-305.0
3746,95.0
3747,95.0
3748,64.0
3749,95.0
3750,95.0
3751,83.0
3752,71.0
3753,83.0
3754,95.0
3755,66.0
3756,66.0
3757,71.0
3758,95.0
3759,59.0
3760,95.0
3761,25.0
3762,83.0
3763,95.0
3764,95.0
3765,95.0
3766,83.0
3767,95.0
3768,59.0
3769,71.0
3770,-335.0
3771,95.0
3772,95.0
3773,71.0
3774,66.0
3775,64.0
3776,64.0
3777,49.0
3778,95.0
3779,-315.0
3780,95.0
3781,83.0
3782,37.0
3783,95.0
3784,71.0
3785,83.0
3786,25.0
3787,95.0
3788,83.0
3789,49.0
3790,-305.0
3791,83.0
3792,83.0
3793,37.0
3794,83.0
3795,-310.0
3796,95.0
3797,95.0
3798,95.0
3799,95.0
3800,-310.0
3801,64.0
3802,95.0
3803,95.0
3804,95.0
3805,95.0
3806,95.0
3807,95.0
3808,95.0
3809,95.0
3810,95.0
3811,83.0
3812,95.0
3813,95.0
3814,95.0
3815,71.0
3816,42.0
3817,95.0
3818,71.0
3819,95.0
3820,83.0
3821,95.0
3822,95.0
3823,95.0
3824,71.0
3825,71.0
3826,83.0
3827,95.0
3828,-8.0
3829,95.0
3830,95.0
3831,35.0
3832,-305.0
3833,95.0
3834,83.0
3835,95.0
3836,66.0
3837,95.0
3838,95.0
3839,95.0
3840,66.0
3841,95.0
3842,95.0
3843,95.0
3844,71.0
3845,95.0
3846,95.0
3847,59.0
3848,95.0
3849,95.0
3850,71.0
3851,95.0
3852,76.0
3853,95.0
3854,95.0
3855,95.0
3856,52.0
3857,95.0
3858,95.0
3859,95.0
3860,95.0
3861,95.0
3862,71.0
3863,95.0
3864,95.0
3865,83.0
3866,76.0
3867,95.0
3868,83.0
3869,76.0
3870,95.0
3871,95.0
3872,64.0
3873,95.0
3874,52.0
3875,95.0
3876,95.0
3877,95.0
3878,95.0
3879,83.0
3880,95.0
3881,95.0
3882,95.0
3883,95.0
3884,71.0
3885,52.0
3886,95.0
3887,-300.0
3888,95.0
3889,95.0
3890,83.0
3891,71.0
3892,95.0
3893,95.0
3894,95.0
3895,95.0
3896,95.0
3897,95.0
3898,95.0
3899,95.0
3900,64.0
3901,95.0
3902,95.0
3903,83.0
3904,95.0
3905,95.0
3906,95.0
3907,-22.0
3908,83.0
3909,-133.0
3910,66.0
3911,95.0
3912,95.0
3913,95.0
3914,95.0
3915,95.0
3916,71.0
3917,95.0
3918,95.0
3919,42.0
3920,25.0
3921,95.0
3922,95.0
3923,52.0
3924,23.0
3925,-305.0
3926,95.0
3927,95.0
3928,95.0
3929,95.0
3930,95.0
3931,95.0
3932,95.0
3933,37.0
3934,95.0
3935,95.0
3936,95.0
3937,95.0
3938,64.0
3939,83.0
3940,83.0
3941,25.0
3942,57.0
3943,95.0
3944,64.0
3945,95.0
3946,95.0
3947,95.0
3948,83.0
3949,42.0
3950,95.0
3951,13.0
3952,59.0
3953,95.0
3954,64.0
3955,95.0
3956,54.0
3957,95.0
3958,83.0
3959,95.0
3960,83.0
3961,83.0
3962,42.0
3963,95.0
3964,95.0
3965,95.0
3966,59.0
3967,66.0
3968,95.0
3969,95.0
3970,95.0
3971,95.0
3972,95.0
3973,83.0
3974,95.0
3975,83.0
3976,95.0
3977,95.0
3978,25.0
3979,52.0
3980,95.0
3981,83.0
3982,95.0
3983,95.0
3984,71.0
3985,95.0
3986,95.0
3987,-14.0
3988,95.0
3989,95.0
3990,76.0
3991,95.0
3992,95.0
3993,95.0
3994,95.0
3995,95.0
3996,71.0
3997,95.0
3998,52.0
3999,-305.0
4000,83.0
4001,42.0
4002,95.0
4003,25.0
4004,71.0
4005,95.0
4006,-310.0
4007,52.0
4008,71.0
4009,95.0
4010,83.0
4011,95.0
4012,95.0
4013,95.0
4014,95.0
4015,95.0
4016,95.0
4017,95.0
4018,64.0
4019,71.0
4020,-310.0
4021,95.0
4022,95.0
4023,95.0
4024,35.0
4025,71.0
4026,83.0
4027,71.0
4028,95.0
4029,71.0
4030,95.0
4031,95.0
4032,95.0
4033,59.0
4034,95.0
4035,6.0
4036,95.0
4037,54.0
4038,71.0
4039,-71.0
4040,71.0
4041,95.0
4042,95.0
4043,-300.0
4044,95.0
4045,83.0
4046,54.0
4047,95.0
4048,83.0
4049,95.0
4050,95.0
4051,25.0
4052,95.0
4053,95.0
4054,38.0
4055,-11.0
4056,59.0
4057,71.0
4058,83.0
4059,95.0
4060,95.0
4061,19.0
4062,-300.0
4063,95.0
4064,71.0
4065,95.0
4066,71.0
4067,95.0
4068,52.0
4069,95.0
4070,95.0
4071,95.0
4072,95.0
4073,8.0
4074,95.0
4075,95.0
4076,95.0
4077,83.0
4078,71.0
4079,54.0
4080,95.0
4081,95.0
4082,95.0
4083,71.0
4084,95.0
4085,64.0
4086,95.0
4087,95.0
4088,95.0
4089,71.0
4090,95.0
4091,83.0
4092,-305.0
4093,-315.0
4094,95.0
4095,95.0
4096,95.0
4097,95.0
4098,95.0
4099,76.0
4100,71.0
4101,95.0
4102,76.0
4103,71.0
4104,95.0
4105,83.0
4106,95.0
4107,95.0
4108,83.0
4109,95.0
4110,66.0
4111,95.0
4112,64.0
4113,54.0
4114,95.0
4115,95.0
4116,95.0
4117,95.0
4118,95.0
4119,71.0
4120,83.0
4121,95.0
4122,37.0
4123,95.0
4124,95.0
4125,64.0
4126,95.0
4127,83.0
4128,95.0
4129,-320.0
4130,83.0
4131,95.0
4132,95.0
4133,83.0
4134,13.0
4135,95.0
4136,95.0
4137,42.0
4138,95.0
4139,95.0
4140,47.0
4141,64.0
4142,-310.0
4143,95.0
4144,71.0
4145,95.0
4146,95.0
4147,95.0
4148,64.0
4149,95.0
4150,95.0
4151,64.0
4152,8.0
4153,95.0
4154,95.0
4155,95.0
4156,95.0
4157,95.0
4158,95.0
4159,83.0
4160,64.0
4161,-305.0
4162,95.0
4163,95.0
4164,64.0
4165,71.0
4166,66.0
4167,95.0
4168,95.0
4169,71.0
4170,95.0
4171,95.0
4172,95.0
4173,95.0
4174,95.0
4175,95.0
4176,95.0
4177,95.0
4178,64.0
4179,95.0
4180,57.0
4181,83.0
4182,71.0
4183,95.0
4184,54.0
4185,95.0
4186,-20.0
4187,95.0
4188,-300.0
4189,71.0
4190,95.0
4191,30.0
4192,95.0
4193,52.0
4194,95.0
4195,95.0
4196,95.0
4197,95.0
4198,95.0
4199,95.0
4200,13.0
4201,95.0
4202,95.0
4203,25.0
4204,64.0
4205,95.0
4206,25.0
4207,71.0
4208,76.0
4209,95.0
4210,52.0
4211,71.0
4212,95.0
4213,95.0
4214,95.0
4215,-33.0
4216,95.0
4217,64.0
4218,83.0
4219,95.0
4220,42.0
4221,95.0
4222,95.0
4223,71.0
4224,71.0
4225,95.0
4226,71.0
4227,71.0
4228,42.0
4229,95.0
4230,95.0
4231,95.0
4232,64.0
4233,52.0
4234,95.0
4235,95.0
4236,59.0
4237,95.0
4238,95.0
4239,71.0
4240,95.0
4241,83.0
4242,95.0
4243,-305.0
4244,95.0
4245,64.0
4246,95.0
4247,83.0
4248,83.0
4249,54.0
4250,71.0
4251,71.0
4252,52.0
4253,95.0
4254,95.0
4255,95.0
4256,95.0
4257,95.0
4258,95.0
4259,95.0
4260,95.0
4261,71.0
4262,13.0
4263,95.0
4264,71.0
4265,11.0
4266,64.0
4267,95.0
4268,95.0
4269,95.0
4270,71.0
4271,83.0
4272,-315.0
4273,95.0
4274,71.0
4275,95.0
4276,-305.0
4277,71.0
4278,71.0
4279,95.0
4280,95.0
4281,95.0
4282,95.0
4283,95.0
4284,95.0
4285,83.0
4286,95.0
4287,95.0
4288,-305.0
4289,83.0
4290,64.0
4291,59.0
4292,95.0
4293,95.0
4294,83.0
4295,95.0
4296,95.0
4297,37.0
4298,95.0
4299,64.0
4300,28.0
4301,42.0
4302,95.0
4303,83.0
4304,95.0
4305,71.0
4306,42.0
4307,95.0
4308,95.0
4309,76.0
4310,95.0
4311,83.0
4312,83.0
4313,95.0
4314,71.0
4315,95.0
4316,95.0
4317,95.0
4318,95.0
4319,95.0
4320,83.0
4321,64.0
4322,95.0
4323,95.0
4324,95.0
4325,95.0
4326,71.0
4327,42.0
4328,83.0
4329,59.0
4330,95.0
4331,25.0
4332,95.0
4333,71.0
4334,66.0
4335,83.0
4336,95.0
4337,-90.0
4338,95.0
4339,95.0
4340,95.0
4341,95.0
4342,95.0
4343,95.0
4344,95.0
4345,95.0
4346,83.0
4347,95.0
4348,71.0
4349,-6.0
4350,95.0
4351,13.0
4352,95.0
4353,83.0
4354,95.0
4355,95.0
4356,95.0
4357,64.0
4358,95.0
4359,-125.0
4360,95.0
4361,95.0
4362,95.0
4363,64.0
4364,95.0
4365,95.0
4366,95.0
4367,95.0
4368,71.0
4369,83.0
4370,95.0
4371,83.0
4372,95.0
4373,25.0
4374,52.0
4375,95.0
4376,95.0
4377,95.0
4378,42.0
4379,95.0
4380,95.0
4381,95.0
4382,95.0
4383,95.0
4384,95.0
4385,95.0
4386,95.0
4387,95.0
4388,95.0
4389,95.0
4390,-300.0
4391,95.0
4392,71.0
4393,71.0
4394,25.0
4395,49.0
4396,71.0
4397,95.0
4398,95.0
4399,95.0
4400,95.0
4401,59.0
4402,71.0
4403,95.0
4404,71.0
4405,71.0
4406,95.0
4407,95.0
4408,71.0
4409,71.0
4410,71.0
4411,83.0
4412,95.0
4413,95.0
4414,95.0
4415,95.0
4416,83.0
4417,95.0
4418,42.0
4419,95.0
4420,83.0
4421,95.0
4422,95.0
4423,95.0
4424,95.0
4425,54.0
4426,95.0
4427,95.0
4428,52.0
4429,95.0
4430,54.0
4431,95.0
4432,54.0
4433,95.0
4434,71.0
4435,95.0
4436,71.0
4437,30.0
4438,95.0
4439,71.0
4440,49.0
4441,95.0
4442,95.0
4443,95.0
4444,95.0
4445,52.0
4446,95.0
4447,95.0
4448,95.0
4449,95.0
4450,95.0
4451,71.0
4452,35.0
4453,95.0
4454,52.0
4455,71.0
4456,71.0
4457,83.0
4458,95.0
4459,71.0
4460,71.0
4461,95.0
4462,95.0
4463,95.0
4464,95.0
4465,95.0
4466,71.0
4467,54.0
4468,76.0
4469,95.0
4470,95.0
4471,95.0
4472,71.0
4473,71.0
4474,95.0
4475,95.0
4476,59.0
4477,95.0
4478,71.0
4479,95.0
4480,95.0
4481,42.0
4482,71.0
4483,83.0
4484,71.0
4485,95.0
4486,95.0
4487,64.0
4488,49.0
4489,83.0
4490,71.0
4491,71.0
4492,95.0
4493,59.0
4494,71.0
4495,95.0
4496,95.0
4497,95.0
4498,83.0
4499,49.0
4500,64.0
4501,95.0
4502,25.0
4503,95.0
4504,83.0
4505,83.0
4506,66.0
4507,45.0
4508,71.0
4509,71.0
4510,95.0
4511,95.0
4512,95.0
4513,35.0
4514,83.0
4515,95.0
4516,95.0
4517,83.0
4518,71.0
4519,42.0
4520,64.0
4521,95.0
4522,95.0
4523,71.0
4524,-310.0
4525,71.0
4526,95.0
4527,95.0
4528,71.0
4529,95.0
4530,71.0
4531,95.0
4532,95.0
4533,64.0
4534,18.0
4535,95.0
4536,95.0
4537,71.0
4538,71.0
4539,95.0
4540,95.0
4541,71.0
4542,66.0
4543,95.0
4544,95.0
4545,71.0
4546,95.0
4547,95.0
4548,71.0
4549,95.0
4550,95.0
4551,71.0
4552,95.0
4553,18.0
4554,83.0
4555,95.0
4556,95.0
4557,95.0
4558,95.0
4559,95.0
4560,95.0
4561,95.0
4562,95.0
4563,83.0
4564,14.0
4565,95.0
4566,52.0
4567,83.0
4568,83.0
4569,83.0
4570,95.0
4571,83.0
4572,83.0
4573,59.0
4574,76.0
4575,95.0
4576,95.0
4577,95.0
4578,59.0
4579,83.0
4580,71.0
4581,95.0
4582,95.0
4583,95.0
4584,95.0
4585,71.0
4586,95.0
4587,95.0
4588,42.0
4589,95.0
4590,83.0
4591,71.0
4592,95.0
4593,95.0
4594,95.0
4595,71.0
4596,71.0
4597,95.0
4598,95.0
4599,71.0
4600,83.0
4601,42.0
4602,3.0
4603,95.0
4604,95.0
4605,13.0
4606,71.0
4607,95.0
4608,-16.0
4609,83.0
4610,95.0
4611,95.0
4612,95.0
4613,59.0
4614,95.0
4615,9.0
4616,59.0
4617,71.0
4618,95.0
4619,95.0
4620,71.0
4621,71.0
4622,95.0
4623,95.0
4624,83.0
4625,95.0
4626,95.0
4627,71.0
4628,95.0
4629,95.0
4630,42.0
4631,95.0
4632,59.0
4633,42.0
4634,64.0
4635,64.0
4636,95.0
4637,83.0
4638,95.0
4639,95.0
4640,83.0
4641,95.0
4642,95.0
4643,59.0
4644,54.0
4645,95.0
4646,59.0
4647,95.0
4648,71.0
4649,95.0
4650,95.0
4651,66.0
4652,95.0
4653,71.0
4654,71.0
4655,95.0
4656,-30.0
4657,57.0
4658,95.0
4659,95.0
4660,71.0
4661,95.0
4662,95.0
4663,95.0
4664,95.0
4665,95.0
4666,59.0
4667,95.0
4668,71.0
4669,95.0
4670,95.0
4671,42.0
4672,59.0
4673,64.0
4674,71.0
4675,95.0
4676,95.0
4677,95.0
4678,59.0
4679,95.0
4680,42.0
4681,95.0
4682,71.0
4683,95.0
4684,71.0
4685,71.0
4686,71.0
4687,83.0
4688,25.0
4689,95.0
4690,95.0
4691,95.0
4692,-6.0
4693,95.0
4694,83.0
4695,95.0
4696,71.0
4697,71.0
4698,95.0
4699,95.0
4700,95.0
4701,83.0
4702,95.0
4703,95.0
4704,64.0
4705,95.0
4706,95.0
4707,-71.0
4708,95.0
4709,59.0
4710,54.0
4711,83.0
4712,23.0
4713,49.0
4714,95.0
4715,95.0
4716,95.0
4717,95.0
4718,95.0
4719,54.0
4720,83.0
4721,71.0
4722,95.0
4723,95.0
4724,95.0
4725,47.0
4726,49.0
4727,95.0
4728,71.0
4729,95.0
4730,95.0
4731,71.0
4732,95.0
4733,52.0
4734,-16.0
4735,95.0
4736,59.0
4737,83.0
4738,95.0
4739,95.0
4740,95.0
4741,66.0
4742,95.0
4743,95.0
4744,83.0
4745,83.0
4746,95.0
4747,71.0
4748,95.0
4749,95.0
4750,71.0
4751,54.0
4752,83.0
4753,95.0
4754,95.0
4755,95.0
4756,95.0
4757,71.0
4758,95.0
4759,83.0
4760,71.0
4761,95.0
4762,95.0
4763,71.0
4764,95.0
4765,71.0
4766,71.0
4767,42.0
4768,95.0
4769,95.0
4770,95.0
4771,95.0
4772,95.0
4773,95.0
4774,95.0
4775,71.0
4776,52.0
4777,83.0
4778,66.0
4779,95.0
4780,95.0
4781,83.0
4782,-69.0
4783,59.0
4784,95.0
4785,71.0
4786,83.0
4787,95.0
4788,18.0
4789,95.0
4790,95.0
4791,95.0
4792,95.0
4793,8.0
4794,95.0
4795,83.0
4796,47.0
4797,95.0
4798,95.0
4799,95.0
4800,83.0
4801,66.0
4802,95.0
4803,95.0
4804,95.0
4805,42.0
4806,71.0
4807,-1.0
4808,95.0
4809,95.0
4810,95.0
4811,95.0
4812,95.0
4813,95.0
4814,40.0
4815,95.0
4816,71.0
4817,95.0
4818,66.0
4819,95.0
4820,83.0
4821,30.0
4822,95.0
4823,95.0
4824,71.0
4825,71.0
4826,71.0
4827,83.0
4828,83.0
4829,42.0
4830,66.0
4831,95.0
4832,95.0
4833,95.0
4834,95.0
4835,95.0
4836,59.0
4837,95.0
4838,95.0
4839,95.0
4840,47.0
4841,95.0
4842,71.0
4843,71.0
4844,95.0
4845,95.0
4846,-4.0
4847,95.0
4848,95.0
4849,95.0
4850,95.0
4851,42.0
4852,95.0
4853,-45.0
4854,95.0
4855,95.0
4856,71.0
4857,95.0
4858,71.0
4859,83.0
4860,95.0
4861,95.0
4862,71.0
4863,95.0
4864,95.0
4865,83.0
4866,71.0
4867,95.0
4868,83.0
4869,52.0
4870,71.0
4871,-143.0
4872,95.0
4873,95.0
4874,95.0
4875,83.0
4876,95.0
4877,83.0
4878,95.0
4879,47.0
4880,95.0
4881,83.0
4882,95.0
4883,95.0
4884,37.0
4885,95.0
4886,83.0
4887,30.0
4888,83.0
4889,95.0
4890,71.0
4891,95.0
4892,95.0
4893,83.0
4894,95.0
4895,95.0
4896,95.0
4897,95.0
4898,95.0
4899,95.0
4900,95.0
4901,95.0
4902,83.0
4903,52.0
4904,83.0
4905,95.0
4906,95.0
4907,95.0
4908,95.0
4909,83.0
4910,83.0
4911,76.0
4912,-40.0
4913,95.0
4914,59.0
4915,95.0
4916,95.0
4917,66.0
4918,95.0
4919,95.0
4920,95.0
4921,83.0
4922,95.0
4923,83.0
4924,95.0
4925,95.0
4926,71.0
4927,59.0
4928,83.0
4929,52.0
4930,95.0
4931,95.0
4932,95.0
4933,95.0
4934,95.0
4935,95.0
4936,95.0
4937,83.0
4938,95.0
4939,71.0
4940,95.0
4941,95.0
4942,35.0
4943,71.0
4944,-78.0
4945,95.0
4946,95.0
4947,42.0
4948,95.0
4949,49.0
4950,95.0
4951,42.0
4952,83.0
4953,95.0
4954,83.0
4955,71.0
4956,95.0
4957,95.0
4958,71.0
4959,95.0
4960,83.0
4961,95.0
4962,95.0
4963,71.0
4964,95.0
4965,95.0
4966,71.0
4967,95.0
4968,95.0
4969,83.0
4970,95.0
4971,59.0
4972,59.0
4973,95.0
4974,95.0
4975,95.0
4976,95.0
4977,30.0
4978,95.0
4979,83.0
4980,95.0
4981,52.0
4982,59.0
4983,52.0
4984,23.0
4985,95.0
4986,95.0
4987,71.0
4988,95.0
4989,64.0
4990,71.0
4991,95.0
4992,64.0
4993,83.0
4994,71.0
4995,95.0
4996,71.0
4997,52.0
4998,83.0
4999,95.0
5000,52.0
5001,95.0
5002,83.0
5003,71.0
5004,42.0
5005,95.0
5006,95.0
5007,83.0
5008,95.0
5009,95.0
5010,83.0
5011,18.0
5012,95.0
5013,95.0
5014,37.0
5015,95.0
5016,95.0
5017,25.0
5018,42.0
5019,83.0
5020,95.0
5021,83.0
5022,83.0
5023,95.0
5024,83.0
5025,95.0
5026,95.0
5027,95.0
5028,35.0
5029,83.0
5030,95.0
5031,49.0
5032,95.0
5033,95.0
5034,95.0
5035,95.0
5036,71.0
5037,95.0
5038,16.0
5039,54.0
5040,95.0
5041,95.0
5042,95.0
5043,95.0
5044,95.0
5045,95.0
5046,95.0
5047,95.0
5048,54.0
5049,83.0
5050,42.0
5051,95.0
5052,83.0
5053,95.0
5054,95.0
5055,95.0
5056,71.0
5057,95.0
5058,52.0
5059,71.0
5060,95.0
5061,95.0
5062,95.0
5063,83.0
5064,71.0
5065,71.0
5066,95.0
5067,95.0
5068,95.0
5069,1.0
5070,95.0
5071,95.0
5072,52.0
5073,71.0
5074,95.0
5075,71.0
5076,95.0
5077,95.0
5078,95.0
5079,47.0
5080,47.0
5081,95.0
5082,83.0
5083,95.0
5084,95.0
5085,95.0
5086,95.0
5087,95.0
5088,59.0
5089,83.0
5090,83.0
5091,76.0
5092,95.0
5093,83.0
5094,-35.0
5095,71.0
5096,59.0
5097,95.0
5098,76.0
5099,95.0
5100,42.0
5101,71.0
5102,-11.0
5103,83.0
5104,95.0
5105,95.0
5106,71.0
5107,95.0
5108,83.0
5109,95.0
5110,95.0
5111,71.0
5112,35.0
5113,83.0
5114,76.0
5115,95.0
5116,95.0
5117,95.0
5118,83.0
5119,71.0
5120,95.0
5121,95.0
5122,83.0
5123,95.0
5124,76.0
5125,59.0
5126,83.0
5127,95.0
5128,59.0
5129,71.0
5130,83.0
5131,52.0
5132,95.0
5133,83.0
5134,95.0
5135,95.0
5136,95.0
5137,95.0
5138,42.0
5139,95.0
5140,54.0
5141,95.0
5142,95.0
5143,95.0
5144,95.0
5145,71.0
5146,95.0
5147,95.0
5148,95.0
5149,95.0
5150,54.0
5151,95.0
5152,52.0
5153,95.0
5154,95.0
5155,95.0
5156,71.0
5157,83.0
5158,71.0
5159,95.0
5160,95.0
5161,95.0
5162,83.0
5163,95.0
5164,95.0
5165,95.0
5166,-405.0
5167,59.0
5168,71.0
5169,95.0
5170,71.0
5171,95.0
5172,40.0
5173,95.0
5174,59.0
5175,95.0
5176,95.0
5177,71.0
5178,59.0
5179,66.0
5180,83.0
5181,95.0
5182,18.0
5183,37.0
5184,-102.0
5185,83.0
5186,83.0
5187,95.0
5188,42.0
5189,95.0
5190,83.0
5191,95.0
5192,40.0
5193,95.0
5194,95.0
5195,71.0
5196,83.0
5197,71.0
5198,95.0
5199,95.0
5200,95.0
5201,95.0
5202,76.0
5203,95.0
5204,54.0
5205,95.0
5206,95.0
5207,95.0
5208,95.0
5209,-4.0
5210,95.0
5211,28.0
5212,95.0
5213,95.0
5214,95.0
5215,95.0
5216,95.0
5217,83.0
5218,-11.0
5219,95.0
5220,95.0
5221,83.0
5222,71.0
5223,83.0
5224,95.0
5225,95.0
5226,95.0
5227,95.0
5228,95.0
5229,95.0
5230,95.0
5231,95.0
5232,95.0
5233,52.0
5234,95.0
5235,95.0
5236,95.0
5237,71.0
5238,71.0
5239,95.0
5240,95.0
5241,71.0
5242,83.0
5243,59.0
5244,95.0
5245,95.0
5246,71.0
5247,71.0
5248,95.0
5249,52.0
5250,95.0
5251,95.0
5252,13.0
5253,83.0
5254,54.0
5255,95.0
5256,42.0
5257,95.0
5258,95.0
5259,83.0
5260,95.0
5261,95.0
5262,59.0
5263,66.0
5264,95.0
5265,95.0
5266,95.0
5267,71.0
5268,95.0
5269,95.0
5270,18.0
5271,95.0
5272,95.0
5273,95.0
5274,95.0
5275,52.0
5276,71.0
5277,25.0
5278,95.0
5279,95.0
5280,95.0
5281,49.0
5282,95.0
5283,71.0
5284,95.0
5285,95.0
5286,71.0
5287,54.0
5288,25.0
5289,71.0
5290,95.0
5291,95.0
5292,95.0
5293,95.0
5294,59.0
5295,-40.0
5296,71.0
5297,42.0
5298,71.0
5299,76.0
5300,95.0
5301,42.0
5302,95.0
5303,95.0
5304,95.0
5305,83.0
5306,95.0
5307,71.0
5308,95.0
5309,95.0
5310,71.0
5311,95.0
5312,95.0
5313,42.0
5314,95.0
5315,95.0
5316,47.0
5317,95.0
5318,95.0
5319,95.0
5320,95.0
5321,95.0
5322,71.0
5323,95.0
5324,47.0
5325,95.0
5326,95.0
5327,95.0
5328,59.0
5329,95.0
5330,95.0
5331,95.0
5332,71.0
5333,83.0
5334,71.0
5335,23.0
5336,95.0
5337,95.0
5338,95.0
5339,95.0
5340,95.0
5341,71.0
5342,71.0
5343,83.0
5344,95.0
5345,95.0
5346,52.0
5347,59.0
5348,71.0
5349,95.0
5350,95.0
5351,71.0
5352,71.0
5353,71.0
5354,95.0
5355,95.0
5356,54.0
5357,-13.0
5358,83.0
5359,71.0
5360,95.0
5361,95.0
5362,83.0
5363,95.0
5364,71.0
5365,71.0
5366,95.0
5367,95.0
5368,95.0
5369,95.0
5370,95.0
5371,71.0
5372,95.0
5373,83.0
5374,83.0
5375,95.0
5376,95.0
5377,95.0
5378,18.0
5379,95.0
5380,-71.0
5381,42.0
5382,95.0
5383,23.0
5384,71.0
5385,95.0
5386,95.0
5387,95.0
5388,52.0
5389,71.0
5390,59.0
5391,-47.0
5392,71.0
5393,42.0
5394,95.0
5395,1.0
5396,59.0
5397,95.0
5398,95.0
5399,71.0
5400,71.0
5401,95.0
5402,64.0
5403,66.0
5404,30.0
5405,59.0
5406,-30.0
5407,59.0
5408,95.0
5409,95.0
5410,49.0
5411,83.0
5412,83.0
5413,95.0
5414,95.0
5415,71.0
5416,-1.0
5417,95.0
5418,47.0
5419,52.0
5420,95.0
5421,83.0
5422,95.0
5423,71.0
5424,95.0
5425,95.0
5426,95.0
5427,71.0
5428,95.0
5429,95.0
5430,95.0
5431,95.0
5432,95.0
5433,54.0
5434,66.0
5435,59.0
5436,95.0
5437,83.0
5438,76.0
5439,95.0
5440,83.0
5441,59.0
5442,52.0
5443,71.0
5444,95.0
5445,95.0
5446,71.0
5447,83.0
5448,95.0
5449,95.0
5450,95.0
5451,83.0
5452,71.0
5453,95.0
5454,95.0
5455,95.0
5456,95.0
5457,95.0
5458,95.0
5459,95.0
5460,59.0
5461,64.0
5462,71.0
5463,95.0
5464,71.0
5465,23.0
5466,95.0
5467,95.0
5468,95.0
5469,95.0
5470,95.0
5471,95.0
5472,83.0
5473,95.0
5474,83.0
5475,71.0
5476,95.0
5477,83.0
5478,95.0
5479,95.0
5480,95.0
5481,83.0
5482,95.0
5483,95.0
5484,71.0
5485,95.0
5486,95.0
5487,64.0
5488,49.0
5489,95.0
5490,54.0
5491,95.0
5492,95.0
5493,54.0
5494,95.0
5495,95.0
5496,95.0
5497,52.0
5498,1.0
5499,54.0
5500,18.0
5501,95.0
5502,95.0
5503,95.0
5504,1.0
5505,95.0
5506,71.0
5507,83.0
5508,18.0
5509,83.0
5510,95.0
5511,95.0
5512,71.0
5513,95.0
5514,83.0
5515,95.0
5516,71.0
5517,95.0
5518,83.0
5519,95.0
5520,95.0
5521,71.0
5522,95.0
5523,95.0
5524,95.0
5525,95.0
5526,-40.0
5527,71.0
5528,95.0
5529,71.0
5530,59.0
5531,71.0
5532,95.0
5533,95.0
5534,71.0
5535,71.0
5536,95.0
5537,42.0
5538,71.0
5539,95.0
5540,95.0
5541,52.0
5542,83.0
5543,35.0
5544,83.0
5545,42.0
5546,95.0
5547,42.0
5548,95.0
5549,95.0
5550,95.0
5551,71.0
5552,-4.0
5553,59.0
5554,95.0
5555,95.0
5556,71.0
5557,95.0
5558,95.0
5559,71.0
5560,71.0
5561,95.0
5562,95.0
5563,71.0
5564,95.0
5565,59.0
5566,59.0
5567,95.0
5568,95.0
5569,95.0
5570,49.0
5571,95.0
5572,71.0
5573,95.0
5574,95.0
5575,23.0
5576,59.0
5577,95.0
5578,95.0
5579,95.0
5580,54.0
5581,95.0
5582,95.0
5583,-158.0
5584,95.0
5585,95.0
5586,95.0
5587,95.0
5588,95.0
5589,71.0
5590,42.0
5591,83.0
5592,71.0
5593,95.0
5594,54.0
5595,83.0
5596,95.0
5597,83.0
5598,95.0
5599,59.0
5600,95.0
5601,59.0
5602,71.0
5603,71.0
5604,95.0
5605,95.0
5606,95.0
5607,95.0
5608,83.0
5609,95.0
5610,95.0
5611,6.0
5612,95.0
5613,95.0
5614,95.0
5615,95.0
5616,95.0
5617,95.0
5618,71.0
5619,95.0
5620,71.0
5621,95.0
5622,95.0
5623,83.0
5624,95.0
5625,95.0
5626,95.0
5627,18.0
5628,71.0
5629,59.0
5630,83.0
5631,95.0
5632,95.0
5633,71.0
5634,95.0
5635,95.0
5636,20.0
5637,95.0
5638,95.0
5639,95.0
5640,95.0
5641,95.0
5642,76.0
5643,-335.0
5644,71.0
5645,95.0
5646,59.0
5647,95.0
5648,71.0
5649,95.0
5650,95.0
5651,18.0
5652,83.0
5653,54.0
5654,71.0
5655,49.0
5656,40.0
5657,-93.0
5658,71.0
5659,25.0
5660,95.0
5661,42.0
5662,95.0
5663,95.0
5664,83.0
5665,95.0
5666,95.0
5667,95.0
5668,95.0
5669,42.0
5670,71.0
5671,83.0
5672,95.0
5673,95.0
5674,83.0
5675,95.0
5676,54.0
5677,95.0
5678,95.0
5679,95.0
5680,95.0
5681,76.0
5682,95.0
5683,95.0
5684,83.0
5685,95.0
5686,-122.0
5687,83.0
5688,95.0
5689,83.0
5690,95.0
5691,95.0
5692,95.0
5693,95.0
5694,18.0
5695,95.0
5696,95.0
5697,95.0
5698,95.0
5699,71.0
5700,95.0
5701,71.0
5702,95.0
5703,83.0
5704,95.0
5705,95.0
5706,54.0
5707,95.0
5708,95.0
5709,95.0
5710,59.0
5711,30.0
5712,71.0
5713,71.0
5714,95.0
5715,83.0
5716,71.0
5717,49.0
5718,95.0
5719,95.0
5720,95.0
5721,71.0
5722,-91.0
5723,83.0
5724,95.0
5725,95.0
5726,95.0
5727,95.0
5728,95.0
5729,95.0
5730,54.0
5731,83.0
5732,95.0
5733,83.0
5734,95.0
5735,-330.0
5736,59.0
5737,71.0
5738,95.0
5739,95.0
5740,-23.0
5741,71.0
5742,95.0
5743,95.0
5744,42.0
5745,71.0
5746,95.0
5747,42.0
5748,71.0
5749,71.0
5750,13.0
5751,95.0
5752,71.0
5753,30.0
5754,95.0
5755,71.0
5756,95.0
5757,95.0
5758,95.0
5759,59.0
5760,95.0
5761,95.0
5762,95.0
5763,83.0
5764,95.0
5765,95.0
5766,95.0
5767,42.0
5768,95.0
5769,59.0
5770,95.0
5771,95.0
5772,95.0
5773,95.0
5774,95.0
5775,95.0
5776,83.0
5777,95.0
5778,95.0
5779,95.0
5780,95.0
5781,95.0
5782,95.0
5783,95.0
5784,95.0
5785,95.0
5786,95.0
5787,83.0
5788,95.0
5789,71.0
5790,59.0
5791,95.0
5792,95.0
5793,71.0
5794,95.0
5795,54.0
5796,95.0
5797,95.0
5798,95.0
5799,6.0
5800,49.0
5801,83.0
5802,83.0
5803,54.0
5804,83.0
5805,95.0
5806,95.0
5807,83.0
5808,71.0
5809,83.0
5810,95.0
5811,95.0
5812,95.0
5813,71.0
5814,83.0
5815,83.0
5816,71.0
5817,95.0
5818,95.0
5819,54.0
5820,76.0
5821,95.0
5822,95.0
5823,95.0
5824,42.0
5825,71.0
5826,95.0
5827,54.0
5828,49.0
5829,95.0
5830,95.0
5831,83.0
5832,-81.0
5833,95.0
5834,49.0
5835,52.0
5836,95.0
5837,95.0
5838,-335.0
5839,71.0
5840,49.0
5841,95.0
5842,95.0
5843,71.0
5844,95.0
5845,71.0
5846,95.0
5847,83.0
5848,95.0
5849,71.0
5850,18.0
5851,83.0
5852,16.0
5853,76.0
5854,71.0
5855,-23.0
5856,95.0
5857,95.0
5858,95.0
5859,95.0
5860,95.0
5861,95.0
5862,95.0
5863,71.0
5864,71.0
5865,95.0
5866,95.0
5867,95.0
5868,95.0
5869,95.0
5870,95.0
5871,95.0
5872,71.0
5873,95.0
5874,95.0
5875,54.0
5876,71.0
5877,95.0
5878,6.0
5879,95.0
5880,95.0
5881,54.0
5882,1.0
5883,25.0
5884,83.0
5885,83.0
5886,95.0
5887,71.0
5888,25.0
5889,47.0
5890,95.0
5891,95.0
5892,95.0
5893,83.0
5894,95.0
5895,54.0
5896,83.0
5897,95.0
5898,54.0
5899,59.0
5900,95.0
5901,95.0
5902,47.0
5903,95.0
5904,71.0
5905,71.0
5906,59.0
5907,95.0
5908,95.0
5909,54.0
5910,59.0
5911,71.0
5912,71.0
5913,71.0
5914,95.0
5915,95.0
5916,95.0
5917,95.0
5918,95.0
5919,71.0
5920,95.0
5921,95.0
5922,95.0
5923,83.0
5924,95.0
5925,95.0
5926,95.0
5927,83.0
5928,95.0
5929,71.0
5930,95.0
5931,95.0
5932,83.0
5933,59.0
5934,71.0
5935,95.0
5936,95.0
5937,95.0
5938,49.0
5939,95.0
5940,95.0
5941,71.0
5942,95.0
5943,71.0
5944,95.0
5945,95.0
5946,-16.0
5947,83.0
5948,83.0
5949,18.0
5950,95.0
5951,71.0
5952,95.0
5953,95.0
5954,95.0
5955,66.0
5956,71.0
5957,54.0
5958,59.0
5959,95.0
5960,95.0
5961,95.0
5962,95.0
5963,54.0
5964,95.0
5965,95.0
5966,83.0
5967,95.0
5968,95.0
5969,95.0
5970,95.0
5971,95.0
5972,95.0
5973,47.0
5974,71.0
5975,95.0
5976,95.0
5977,95.0
5978,95.0
5979,83.0
5980,95.0
5981,71.0
5982,95.0
5983,42.0
5984,64.0
5985,95.0
5986,95.0
5987,95.0
5988,95.0
5989,95.0
5990,95.0
5991,95.0
5992,95.0
5993,71.0
5994,95.0
5995,95.0
5996,95.0
5997,95.0
5998,83.0
5999,95.0
6000,83.0
6001,59.0
6002,71.0
6003,95.0
6004,95.0
6005,95.0
6006,71.0
6007,95.0
6008,71.0
6009,83.0
6010,83.0
6011,95.0
6012,71.0
6013,95.0
6014,71.0
6015,95.0
6016,95.0
6017,71.0
6018,95.0
6019,95.0
6020,83.0
6021,71.0
6022,95.0
6023,83.0
6024,95.0
6025,95.0
6026,83.0
6027,95.0
6028,95.0
6029,95.0
6030,71.0
6031,71.0
6032,95.0
6033,83.0
6034,95.0
6035,95.0
6036,83.0
6037,95.0
6038,95.0
6039,95.0
6040,83.0
6041,95.0
6042,83.0
6043,83.0
6044,52.0
6045,71.0
6046,95.0
6047,71.0
6048,95.0
6049,95.0
6050,71.0
6051,95.0
6052,95.0
6053,59.0
6054,83.0
6055,95.0
6056,95.0
6057,95.0
6058,95.0
6059,35.0
6060,95.0
6061,95.0
6062,18.0
6063,95.0
6064,83.0
6065,95.0
6066,95.0
6067,13.0
6068,95.0
6069,42.0
6070,71.0
6071,52.0
6072,95.0
6073,95.0
6074,95.0
6075,95.0
6076,95.0
6077,42.0
6078,95.0
6079,95.0
6080,95.0
6081,30.0
6082,-170.0
6083,59.0
6084,71.0
6085,95.0
6086,95.0
6087,95.0
6088,95.0
6089,95.0
6090,83.0
6091,83.0
6092,54.0
6093,18.0
6094,95.0
6095,71.0
6096,71.0
6097,95.0
6098,95.0
6099,54.0
6100,18.0
6101,30.0
6102,66.0
6103,83.0
6104,95.0
6105,83.0
6106,71.0
6107,95.0
6108,95.0
6109,-93.0
6110,95.0
6111,95.0
6112,71.0
6113,64.0
6114,54.0
6115,95.0
6116,83.0
6117,95.0
6118,95.0
6119,71.0
6120,47.0
6121,95.0
6122,71.0
6123,95.0
6124,49.0
6125,59.0
6126,95.0
6127,71.0
6128,59.0
6129,95.0
6130,13.0
6131,83.0
6132,71.0
6133,95.0
6134,59.0
6135,95.0
6136,95.0
6137,83.0
6138,71.0
6139,95.0
6140,71.0
6141,95.0
6142,95.0
6143,13.0
6144,71.0
6145,13.0
6146,71.0
6147,95.0
6148,95.0
6149,18.0
6150,95.0
6151,95.0
6152,83.0
6153,83.0
6154,71.0
6155,71.0
6156,83.0
6157,71.0
6158,95.0
6159,95.0
6160,95.0
6161,95.0
6162,42.0
6163,95.0
6164,95.0
6165,71.0
6166,83.0
6167,-11.0
6168,13.0
6169,95.0
6170,95.0
6171,95.0
6172,71.0
6173,95.0
6174,83.0
6175,95.0
6176,95.0
6177,95.0
6178,66.0
6179,95.0
6180,95.0
6181,95.0
6182,76.0
6183,71.0
6184,54.0
6185,95.0
6186,71.0
6187,83.0
6188,83.0
6189,37.0
6190,71.0
6191,95.0
6192,95.0
6193,83.0
6194,71.0
6195,95.0
6196,42.0
6197,83.0
6198,54.0
6199,95.0
6200,95.0
6201,71.0
6202,71.0
6203,83.0
6204,95.0
6205,23.0
6206,95.0
6207,95.0
6208,95.0
6209,71.0
6210,23.0
6211,95.0
6212,71.0
6213,52.0
6214,95.0
6215,95.0
6216,95.0
6217,83.0
6218,95.0
6219,95.0
6220,95.0
6221,25.0
6222,95.0
6223,95.0
6224,95.0
6225,71.0
6226,95.0
6227,83.0
6228,95.0
6229,95.0
6230,95.0
6231,95.0
6232,95.0
6233,71.0
6234,71.0
6235,71.0
6236,83.0
6237,95.0
6238,95.0
6239,83.0
6240,95.0
6241,95.0
6242,95.0
6243,83.0
6244,95.0
6245,71.0
6246,95.0
6247,95.0
6248,59.0
6249,71.0
6250,95.0
6251,95.0
6252,54.0
6253,71.0
6254,83.0
6255,71.0
6256,59.0
6257,95.0
6258,95.0
6259,83.0
6260,71.0
6261,71.0
6262,95.0
6263,71.0
6264,59.0
6265,95.0
6266,95.0
6267,95.0
6268,95.0
6269,59.0
6270,18.0
6271,71.0
6272,95.0
6273,1.0
6274,83.0
6275,18.0
6276,95.0
6277,95.0
6278,59.0
6279,71.0
6280,-23.0
6281,71.0
6282,95.0
6283,71.0
6284,95.0
6285,71.0
6286,95.0
6287,59.0
6288,83.0
6289,30.0
6290,95.0
6291,83.0
6292,71.0
6293,95.0
6294,71.0
6295,95.0
6296,95.0
6297,83.0
6298,71.0
6299,83.0
6300,95.0
6301,95.0
6302,52.0
6303,95.0
6304,95.0
6305,95.0
6306,95.0
6307,71.0
6308,95.0
6309,59.0
6310,95.0
6311,83.0
6312,95.0
6313,-148.0
6314,95.0
6315,95.0
6316,83.0
6317,95.0
6318,95.0
6319,95.0
6320,25.0
6321,52.0
6322,95.0
6323,95.0
6324,76.0
6325,95.0
6326,95.0
6327,83.0
6328,95.0
6329,95.0
6330,95.0
6331,64.0
6332,95.0
6333,71.0
6334,95.0
6335,95.0
6336,71.0
6337,35.0
6338,95.0
6339,95.0
6340,95.0
6341,95.0
6342,95.0
6343,71.0
6344,83.0
6345,83.0
6346,95.0
6347,95.0
6348,95.0
6349,95.0
6350,95.0
6351,95.0
6352,71.0
6353,71.0
6354,83.0
6355,95.0
6356,95.0
6357,95.0
6358,95.0
6359,54.0
6360,83.0
6361,95.0
6362,42.0
6363,95.0
6364,95.0
6365,42.0
6366,59.0
6367,95.0
6368,95.0
6369,95.0
6370,95.0
6371,40.0
6372,95.0
6373,83.0
6374,95.0
6375,95.0
6376,95.0
6377,95.0
6378,-64.0
6379,95.0
6380,95.0
6381,95.0
6382,83.0
6383,54.0
6384,71.0
6385,95.0
6386,83.0
6387,95.0
6388,95.0
6389,95.0
6390,59.0
6391,71.0
6392,42.0
6393,71.0
6394,95.0
6395,83.0
6396,71.0
6397,11.0
6398,13.0
6399,95.0
6400,95.0
6401,95.0
6402,95.0
6403,52.0
6404,95.0
6405,59.0
6406,83.0
6407,95.0
6408,83.0
6409,83.0
6410,83.0
6411,76.0
6412,-28.0
6413,95.0
6414,95.0
6415,83.0
6416,71.0
6417,37.0
6418,95.0
6419,95.0
6420,59.0
6421,83.0
6422,95.0
6423,83.0
6424,83.0
6425,95.0
6426,95.0
6427,95.0
6428,83.0
6429,95.0
6430,95.0
6431,95.0
6432,42.0
6433,95.0
6434,71.0
6435,47.0
6436,42.0
6437,83.0
6438,95.0
6439,66.0
6440,95.0
6441,95.0
6442,71.0
6443,71.0
6444,95.0
6445,95.0
6446,18.0
6447,59.0
6448,95.0
6449,95.0
6450,83.0
6451,47.0
6452,95.0
6453,95.0
6454,95.0
6455,95.0
6456,95.0
6457,59.0
6458,95.0
6459,95.0
6460,42.0
6461,-69.0
6462,71.0
6463,71.0
6464,42.0
6465,95.0
6466,83.0
6467,95.0
6468,83.0
6469,54.0
6470,71.0
6471,95.0
6472,95.0
6473,64.0
6474,95.0
6475,83.0
6476,95.0
6477,71.0
6478,49.0
6479,95.0
6480,95.0
6481,95.0
6482,95.0
6483,83.0
6484,71.0
6485,11.0
6486,95.0
6487,95.0
6488,95.0
6489,59.0
6490,95.0
6491,71.0
6492,95.0
6493,83.0
6494,95.0
6495,83.0
6496,95.0
6497,71.0
6498,95.0
6499,83.0
6500,95.0
6501,95.0
6502,83.0
6503,59.0
6504,18.0
6505,95.0
6506,-117.0
6507,71.0
6508,71.0
6509,71.0
6510,52.0
6511,95.0
6512,83.0
6513,95.0
6514,95.0
6515,18.0
6516,95.0
6517,95.0
6518,59.0
6519,83.0
6520,25.0
6521,95.0
6522,95.0
6523,83.0
6524,42.0
6525,83.0
6526,95.0
6527,95.0
6528,54.0
6529,95.0
6530,71.0
6531,59.0
6532,71.0
6533,59.0
6534,71.0
6535,95.0
6536,95.0
6537,95.0
6538,52.0
6539,95.0
6540,95.0
6541,40.0
6542,95.0
6543,95.0
6544,95.0
6545,95.0
6546,95.0
6547,95.0
6548,71.0
6549,95.0
6550,95.0
6551,95.0
6552,95.0
6553,95.0
6554,95.0
6555,95.0
6556,42.0
6557,1.0
6558,52.0
6559,95.0
6560,83.0
6561,49.0
6562,95.0
6563,83.0
6564,83.0
6565,95.0
6566,95.0
6567,95.0
6568,42.0
6569,83.0
6570,95.0
6571,71.0
6572,95.0
6573,13.0
6574,47.0
6575,95.0
6576,76.0
6577,95.0
6578,52.0
6579,95.0
6580,71.0
6581,42.0
6582,52.0
6583,83.0
6584,25.0
6585,95.0
6586,95.0
6587,95.0
6588,47.0
6589,95.0
6590,95.0
6591,83.0
6592,95.0
6593,95.0
6594,52.0
6595,71.0
6596,71.0
6597,83.0
6598,95.0
6599,95.0
6600,95.0
6601,95.0
6602,95.0
6603,13.0
6604,95.0
6605,95.0
6606,95.0
6607,95.0
6608,95.0
6609,18.0
6610,95.0
6611,95.0
6612,95.0
6613,83.0
6614,95.0
6615,95.0
6616,95.0
6617,95.0
6618,95.0
6619,95.0
6620,95.0
6621,-35.0
6622,30.0
6623,42.0
6624,95.0
6625,95.0
6626,95.0
6627,95.0
6628,95.0
6629,95.0
6630,95.0
6631,95.0
6632,95.0
6633,95.0
6634,95.0
6635,64.0
6636,47.0
6637,59.0
6638,95.0
6639,52.0
6640,42.0
6641,95.0
6642,95.0
6643,95.0
6644,71.0
6645,95.0
6646,95.0
6647,18.0
6648,54.0
6649,95.0
6650,71.0
6651,83.0
6652,95.0
6653,30.0
6654,95.0
6655,83.0
6656,95.0
6657,83.0
6658,71.0
6659,95.0
6660,95.0
6661,71.0
6662,95.0
6663,95.0
6664,95.0
6665,95.0
6666,95.0
6667,95.0
6668,54.0
6669,95.0
6670,95.0
6671,95.0
6672,95.0
6673,95.0
6674,95.0
6675,71.0
6676,18.0
6677,71.0
6678,47.0
6679,83.0
6680,18.0
6681,71.0
6682,83.0
6683,95.0
6684,83.0
6685,95.0
6686,71.0
6687,95.0
6688,83.0
6689,95.0
6690,95.0
6691,83.0
6692,18.0
6693,95.0
6694,95.0
6695,83.0
6696,95.0
6697,54.0
6698,52.0
6699,18.0
6700,71.0
6701,95.0
6702,95.0
6703,95.0
6704,49.0
6705,95.0
6706,95.0
6707,54.0
6708,71.0
6709,95.0
6710,83.0
6711,95.0
6712,42.0
6713,95.0
6714,1.0
6715,95.0
6716,95.0
6717,83.0
6718,95.0
6719,95.0
6720,-300.0
6721,95.0
6722,95.0
6723,95.0
6724,95.0
6725,95.0
6726,95.0
6727,71.0
6728,71.0
6729,83.0
6730,95.0
6731,52.0
6732,71.0
6733,42.0
6734,95.0
6735,95.0
6736,71.0
6737,83.0
6738,95.0
6739,59.0
6740,95.0
6741,83.0
6742,95.0
6743,83.0
6744,95.0
6745,83.0
6746,95.0
6747,95.0
6748,95.0
6749,95.0
6750,95.0
6751,71.0
6752,83.0
6753,95.0
6754,52.0
6755,95.0
6756,76.0
6757,95.0
6758,83.0
6759,18.0
6760,71.0
6761,52.0
6762,95.0
6763,71.0
6764,95.0
6765,83.0
6766,83.0
6767,71.0
6768,95.0
6769,95.0
6770,95.0
6771,83.0
6772,4.0
6773,71.0
6774,95.0
6775,95.0
6776,95.0
6777,95.0
6778,95.0
6779,59.0
6780,95.0
6781,83.0
6782,95.0
6783,95.0
6784,71.0
6785,71.0
6786,95.0
6787,95.0
6788,95.0
6789,71.0
6790,95.0
6791,13.0
6792,95.0
6793,71.0
6794,42.0
6795,95.0
6796,40.0
6797,83.0
6798,83.0
6799,42.0
6800,25.0
6801,59.0
6802,95.0
6803,13.0
6804,95.0
6805,95.0
6806,42.0
6807,83.0
6808,95.0
6809,95.0
6810,95.0
6811,18.0
6812,95.0
6813,76.0
6814,95.0
6815,83.0
6816,95.0
6817,83.0
6818,40.0
6819,95.0
6820,95.0
6821,-16.0
6822,95.0
6823,95.0
6824,83.0
6825,71.0
6826,42.0
6827,42.0
6828,83.0
6829,95.0
6830,95.0
6831,95.0
6832,95.0
6833,95.0
6834,95.0
6835,71.0
6836,95.0
6837,95.0
6838,71.0
6839,95.0
6840,83.0
6841,95.0
6842,59.0
6843,83.0
6844,95.0
6845,95.0
6846,95.0
6847,83.0
6848,95.0
6849,71.0
6850,95.0
6851,95.0
6852,95.0
6853,95.0
6854,71.0
6855,95.0
6856,95.0
6857,95.0
6858,42.0
6859,71.0
6860,95.0
6861,95.0
6862,95.0
6863,49.0
6864,95.0
6865,95.0
6866,83.0
6867,40.0
6868,95.0
6869,95.0
6870,95.0
6871,52.0
6872,95.0
6873,95.0
6874,18.0
6875,83.0
6876,-4.0
6877,71.0
6878,95.0
6879,83.0
6880,95.0
6881,95.0
6882,95.0
6883,83.0
6884,47.0
6885,59.0
6886,95.0
6887,95.0
6888,66.0
6889,71.0
6890,95.0
6891,95.0
6892,-4.0
6893,95.0
6894,83.0
6895,83.0
6896,95.0
6897,95.0
6898,95.0
6899,59.0
6900,95.0
6901,95.0
6902,71.0
6903,95.0
6904,95.0
6905,95.0
6906,95.0
6907,95.0
6908,42.0
6909,52.0
6910,71.0
6911,95.0
6912,42.0
6913,95.0
6914,95.0
6915,71.0
6916,11.0
6917,95.0
6918,95.0
6919,95.0
6920,66.0
6921,25.0
6922,71.0
6923,83.0
6924,95.0
6925,95.0
6926,42.0
6927,95.0
6928,95.0
6929,42.0
6930,95.0
6931,83.0
6932,95.0
6933,42.0
6934,95.0
6935,95.0
6936,95.0
6937,83.0
6938,76.0
6939,95.0
6940,95.0
6941,42.0
6942,47.0
6943,95.0
6944,71.0
6945,95.0
6946,59.0
6947,83.0
6948,71.0
6949,83.0
6950,83.0
6951,42.0
6952,95.0
6953,95.0
6954,71.0
6955,95.0
6956,95.0
6957,83.0
6958,71.0
6959,95.0
6960,95.0
6961,47.0
6962,95.0
6963,95.0
6964,83.0
6965,18.0
6966,95.0
6967,95.0
6968,71.0
6969,66.0
6970,71.0
6971,95.0
6972,71.0
6973,95.0
6974,95.0
6975,95.0
6976,42.0
6977,83.0
6978,95.0
6979,71.0
6980,95.0
6981,95.0
6982,83.0
6983,95.0
6984,95.0
6985,83.0
6986,95.0
6987,59.0
6988,95.0
6989,95.0
6990,95.0
6991,71.0
6992,95.0
6993,83.0
6994,95.0
6995,95.0
6996,95.0
6997,71.0
6998,83.0
6999,95.0
7000,76.0
7001,71.0
7002,71.0
7003,95.0
7004,71.0
7005,95.0
7006,42.0
7007,83.0
7008,59.0
7009,95.0
7010,95.0
7011,42.0
7012,95.0
7013,95.0
7014,47.0
7015,95.0
7016,59.0
7017,83.0
7018,95.0
7019,95.0
7020,71.0
7021,95.0
7022,83.0
7023,95.0
7024,95.0
7025,95.0
7026,95.0
7027,95.0
7028,95.0
7029,95.0
7030,83.0
7031,30.0
7032,13.0
7033,83.0
7034,95.0
7035,71.0
7036,71.0
7037,83.0
7038,42.0
7039,95.0
7040,71.0
7041,95.0
7042,71.0
7043,95.0
7044,83.0
7045,83.0
7046,71.0
7047,83.0
7048,83.0
7049,83.0
7050,47.0
7051,95.0
7052,71.0
7053,83.0
7054,42.0
7055,95.0
7056,95.0
7057,71.0
7058,83.0
7059,71.0
7060,71.0
7061,95.0
7062,95.0
7063,52.0
7064,95.0
7065,95.0
7066,95.0
7067,-110.0
7068,95.0
7069,83.0
7070,71.0
7071,83.0
7072,83.0
7073,95.0
7074,71.0
7075,66.0
7076,42.0
7077,59.0
7078,76.0
7079,30.0
7080,95.0
7081,95.0
7082,95.0
7083,59.0
7084,95.0
7085,95.0
7086,95.0
7087,95.0
7088,95.0
7089,95.0
7090,95.0
7091,95.0
7092,95.0
7093,83.0
7094,83.0
7095,-40.0
7096,95.0
7097,95.0
7098,54.0
7099,95.0
7100,54.0
7101,95.0
7102,95.0
7103,95.0
7104,52.0
7105,95.0
7106,30.0
7107,83.0
7108,95.0
7109,83.0
7110,95.0
7111,30.0
7112,52.0
7113,95.0
7114,95.0
7115,71.0
7116,95.0
7117,83.0
7118,83.0
7119,83.0
7120,52.0
7121,95.0
7122,71.0
7123,95.0
7124,71.0
7125,95.0
7126,95.0
7127,71.0
7128,95.0
7129,95.0
7130,71.0
7131,95.0
7132,95.0
7133,52.0
7134,95.0
7135,11.0
7136,95.0
7137,95.0
7138,95.0
7139,83.0
7140,59.0
7141,83.0
7142,42.0
7143,95.0
7144,95.0
7145,95.0
7146,83.0
7147,95.0
7148,95.0
7149,42.0
7150,54.0
7151,71.0
7152,71.0
7153,76.0
7154,95.0
7155,95.0
7156,95.0
7157,95.0
7158,95.0
7159,95.0
7160,95.0
7161,95.0
7162,95.0
7163,59.0
7164,42.0
7165,95.0
7166,95.0
7167,1.0
7168,83.0
7169,95.0
7170,30.0
7171,95.0
7172,95.0
7173,83.0
7174,95.0
7175,71.0
7176,95.0
7177,71.0
7178,95.0
7179,42.0
7180,83.0
7181,83.0
7182,95.0
7183,95.0
7184,71.0
7185,95.0
7186,76.0
7187,95.0
7188,42.0
7189,40.0
7190,59.0
7191,95.0
7192,95.0
7193,95.0
7194,54.0
7195,95.0
7196,95.0
7197,66.0
7198,95.0
7199,47.0
7200,95.0
7201,95.0
7202,71.0
7203,54.0
7204,95.0
7205,83.0
7206,95.0
7207,95.0
7208,83.0
7209,83.0
7210,83.0
7211,95.0
7212,95.0
7213,71.0
7214,95.0
7215,71.0
7216,59.0
7217,95.0
7218,95.0
7219,52.0
7220,76.0
7221,95.0
7222,95.0
7223,95.0
7224,95.0
7225,66.0
7226,83.0
7227,83.0
7228,95.0
7229,54.0
7230,95.0
7231,71.0
7232,95.0
7233,-93.0
7234,95.0
7235,95.0
7236,95.0
7237,95.0
7238,95.0
7239,95.0
7240,-16.0
7241,52.0
7242,59.0
7243,30.0
7244,95.0
7245,52.0
7246,59.0
7247,95.0
7248,95.0
7249,42.0
7250,95.0
7251,95.0
7252,59.0
7253,95.0
7254,42.0
