0,-146.0
1,-360.0
2,-45.0
3,52.0
4,-117.0
5,-370.0
6,95.0
7,8.0
8,-360.0
9,95.0
10,-375.0
11,95.0
12,-15.0
13,-158.0
14,-365.0
15,95.0
16,-43.0
17,49.0
18,-18.0
19,95.0
20,-370.0
21,95.0
22,95.0
23,-92.0
24,95.0
25,-4.0
26,13.0
27,-201.0
28,76.0
29,95.0
30,83.0
31,83.0
32,-365.0
33,38.0
34,-146.0
35,-11.0
36,-360.0
37,-360.0
38,-375.0
39,95.0
40,95.0
41,-370.0
42,95.0
43,13.0
44,59.0
45,-25.0
46,83.0
47,95.0
48,-131.0
49,-156.0
50,-66.0
51,83.0
52,-360.0
53,95.0
54,95.0
55,3.0
56,-124.0
57,-365.0
58,95.0
59,-365.0
60,83.0
61,-360.0
62,83.0
63,95.0
64,13.0
65,-227.0
66,-67.0
67,-380.0
68,-360.0
69,-360.0
70,-355.0
71,-214.0
72,95.0
73,30.0
74,-30.0
75,-335.0
76,-355.0
77,71.0
78,83.0
79,-370.0
80,-13.0
81,-360.0
82,-335.0
83,57.0
84,-13.0
85,-98.0
86,83.0
87,-144.0
88,-365.0
89,26.0
90,-355.0
91,83.0
92,-370.0
93,95.0
94,-197.0
95,-360.0
96,-365.0
97,-345.0
98,-192.0
99,-365.0
100,95.0
101,95.0
102,20.0
103,83.0
104,-350.0
105,95.0
106,6.0
107,64.0
108,-23.0
109,-144.0
110,-370.0
111,40.0
112,66.0
113,95.0
114,83.0
115,95.0
116,-370.0
117,95.0
118,-375.0
119,-360.0
120,95.0
121,83.0
122,1.0
123,-120.0
124,-355.0
125,83.0
126,37.0
127,-370.0
128,-133.0
129,95.0
130,49.0
131,95.0
132,59.0
133,-42.0
134,95.0
135,83.0
136,20.0
137,49.0
138,95.0
139,-74.0
140,6.0
141,-150.0
142,83.0
143,-214.0
144,47.0
145,76.0
146,83.0
147,66.0
148,-335.0
149,71.0
150,-360.0
151,95.0
152,-31.0
153,95.0
154,-375.0
155,-345.0
156,-180.0
157,-375.0
158,-345.0
159,52.0
160,95.0
161,-340.0
162,-6.0
163,-117.0
164,-23.0
165,4.0
166,-375.0
167,-175.0
168,-64.0
169,83.0
170,71.0
171,-350.0
172,40.0
173,-66.0
174,66.0
175,83.0
176,23.0
177,95.0
178,83.0
179,-360.0
180,71.0
181,-11.0
182,-18.0
183,95.0
184,83.0
185,52.0
186,23.0
187,95.0
188,-183.0
189,-370.0
190,76.0
191,66.0
192,-350.0
193,-355.0
194,-360.0
195,95.0
196,95.0
197,33.0
198,95.0
199,-93.0
200,95.0
201,71.0
202,1.0
203,95.0
204,49.0
205,-355.0
206,83.0
207,-350.0
208,-38.0
209,-325.0
210,-35.0
211,-365.0
212,95.0
213,28.0
214,-4.0
215,-365.0
216,-340.0
217,95.0
218,1.0
219,-360.0
220,-64.0
221,-28.0
222,-18.0
223,37.0
224,-350.0
225,95.0
226,-4.0
227,47.0
228,42.0
229,-248.0
230,95.0
231,-195.0
232,95.0
233,95.0
234,95.0
235,-236.0
236,-40.0
237,95.0
238,-260.0
239,-70.0
240,-370.0
241,-15.0
242,-79.0
243,95.0
244,95.0
245,-365.0
246,-355.0
247,-98.0
248,18.0
249,-26.0
250,-122.0
251,-38.0
252,95.0
253,83.0
254,95.0
255,-35.0
256,95.0
257,95.0
258,-32.0
259,-28.0
260,71.0
261,47.0
262,83.0
263,-350.0
264,83.0
265,54.0
266,95.0
267,-110.0
268,-89.0
269,-98.0
270,-229.0
271,-136.0
272,-355.0
273,-253.0
274,-24.0
275,-52.0
276,95.0
277,95.0
278,71.0
279,-340.0
280,6.0
281,83.0
282,76.0
283,-360.0
284,83.0
285,-370.0
286,-360.0
287,95.0
288,-81.0
289,95.0
290,83.0
291,95.0
292,95.0
293,95.0
294,-45.0
295,-74.0
296,-60.0
297,-16.0
298,-360.0
299,-375.0
300,-335.0
301,-185.0
302,-224.0
303,95.0
304,-190.0
305,83.0
306,45.0
307,38.0
308,-79.0
309,-365.0
310,-365.0
311,-156.0
312,95.0
313,95.0
314,-40.0
315,83.0
316,47.0
317,-43.0
318,37.0
319,-13.0
320,-132.0
321,-202.0
322,-44.0
323,-86.0
324,-370.0
325,-98.0
326,95.0
327,-365.0
328,95.0
329,42.0
330,59.0
331,-184.0
332,-133.0
333,-5.0
334,76.0
335,-340.0
336,-105.0
337,-360.0
338,-375.0
339,-100.0
340,95.0
341,-79.0
342,-108.0
343,47.0
344,-360.0
345,-350.0
346,95.0
347,-34.0
348,1.0
349,-365.0
350,-365.0
351,49.0
352,30.0
353,54.0
354,-365.0
355,-114.0
356,-375.0
357,95.0
358,-355.0
359,-137.0
360,-258.0
361,-350.0
362,71.0
363,18.0
364,95.0
365,-38.0
366,25.0
367,71.0
368,95.0
369,-360.0
370,1.0
371,-375.0
372,95.0
373,-1.0
374,95.0
375,95.0
376,-67.0
377,47.0
378,-360.0
379,52.0
380,-54.0
381,95.0
382,71.0
383,95.0
384,19.0
385,59.0
386,83.0
387,-370.0
388,95.0
389,-55.0
390,-365.0
391,95.0
392,47.0
393,-360.0
394,-112.0
395,54.0
396,30.0
397,37.0
398,95.0
399,-365.0
400,-76.0
401,-365.0
402,-360.0
403,-385.0
404,-147.0
405,95.0
406,-110.0
407,-365.0
408,-350.0
409,-340.0
410,-161.0
411,-190.0
412,83.0
413,95.0
414,-360.0
415,95.0
416,95.0
417,95.0
418,59.0
419,-180.0
420,-355.0
421,-110.0
422,20.0
423,95.0
424,-370.0
425,-21.0
426,-142.0
427,95.0
428,-86.0
429,-32.0
430,-365.0
431,-115.0
432,-345.0
433,-360.0
434,83.0
435,-375.0
436,38.0
437,-350.0
438,95.0
439,-23.0
440,95.0
441,-111.0
442,95.0
443,-365.0
444,95.0
445,-355.0
446,-365.0
447,95.0
448,-137.0
449,95.0
450,95.0
451,37.0
452,-365.0
453,-355.0
454,95.0
455,45.0
456,83.0
457,37.0
458,-101.0
459,-279.0
460,95.0
461,95.0
462,95.0
463,95.0
464,28.0
465,-360.0
466,83.0
467,20.0
468,-157.0
469,-360.0
470,59.0
471,95.0
472,95.0
473,-81.0
474,-149.0
475,-355.0
476,-182.0
477,-365.0
478,47.0
479,-236.0
480,-340.0
481,71.0
482,-223.0
483,-204.0
484,95.0
485,95.0
486,83.0
487,45.0
488,95.0
489,-370.0
490,-56.0
491,95.0
492,95.0
493,95.0
494,71.0
495,95.0
496,-127.0
497,-137.0
498,95.0
499,-360.0
500,95.0
501,-365.0
502,83.0
503,95.0
504,83.0
505,26.0
506,95.0
507,83.0
508,-16.0
509,-370.0
510,95.0
511,95.0
512,95.0
513,-355.0
514,95.0
515,-340.0
516,95.0
517,49.0
518,-219.0
519,-345.0
520,95.0
521,71.0
522,-360.0
523,95.0
524,-83.0
525,-345.0
526,25.0
527,95.0
528,-360.0
529,95.0
530,-1.0
531,-122.0
532,95.0
533,-375.0
534,-112.0
535,-64.0
536,83.0
537,83.0
538,95.0
539,-3.0
540,95.0
541,83.0
542,-355.0
543,95.0
544,-217.0
545,95.0
546,47.0
547,-355.0
548,-375.0
549,71.0
550,95.0
551,-56.0
552,-89.0
553,95.0
554,95.0
555,-28.0
556,49.0
557,-355.0
558,-168.0
559,-23.0
560,-380.0
561,-55.0
562,-355.0
563,-230.0
564,95.0
565,-175.0
566,-79.0
567,-350.0
568,-375.0
569,95.0
570,83.0
571,-185.0
572,95.0
573,37.0
574,-365.0
575,-6.0
576,-279.0
577,95.0
578,83.0
579,6.0
580,95.0
581,-380.0
582,-365.0
583,-350.0
584,25.0
585,54.0
586,95.0
587,-335.0
588,95.0
589,-214.0
590,83.0
591,95.0
592,-375.0
593,95.0
594,-4.0
595,95.0
596,71.0
597,-385.0
598,-360.0
599,95.0
600,95.0
601,71.0
602,95.0
603,95.0
604,54.0
605,71.0
606,54.0
607,95.0
608,-110.0
609,95.0
610,-365.0
611,-77.0
612,-345.0
613,83.0
614,83.0
615,95.0
616,-355.0
617,95.0
618,-360.0
619,3.0
620,95.0
621,95.0
622,83.0
623,95.0
624,-173.0
625,-365.0
626,25.0
627,-375.0
628,95.0
629,-355.0
630,83.0
631,95.0
632,-223.0
633,-79.0
634,-355.0
635,83.0
636,-375.0
637,13.0
638,95.0
639,-365.0
640,95.0
641,38.0
642,-370.0
643,-350.0
644,-370.0
645,76.0
646,83.0
647,95.0
648,-380.0
649,8.0
650,-380.0
651,95.0
652,-163.0
653,42.0
654,25.0
655,25.0
656,-171.0
657,95.0
658,95.0
659,-137.0
660,95.0
661,-6.0
662,-370.0
663,54.0
664,95.0
665,-224.0
666,-365.0
667,-141.0
668,-355.0
669,83.0
670,95.0
671,95.0
672,-8.0
673,-35.0
674,-76.0
675,42.0
676,33.0
677,-96.0
678,-350.0
679,-39.0
680,32.0
681,83.0
682,95.0
683,-5.0
684,-355.0
685,95.0
686,1.0
687,-69.0
688,-6.0
689,-370.0
690,83.0
691,-52.0
692,-375.0
693,-360.0
694,-340.0
695,95.0
696,-115.0
697,95.0
698,37.0
699,95.0
700,-51.0
701,-350.0
702,-117.0
703,-55.0
704,-360.0
705,95.0
706,-380.0
707,-88.0
708,-33.0
709,-45.0
710,-375.0
711,-100.0
712,-395.0
713,-248.0
714,-64.0
715,95.0
716,42.0
717,71.0
718,-370.0
719,95.0
720,14.0
721,95.0
722,95.0
723,-370.0
724,57.0
725,-241.0
726,-212.0
727,-370.0
728,-380.0
729,-365.0
730,3.0
731,38.0
732,-385.0
733,-390.0
734,83.0
735,30.0
736,-28.0
737,-370.0
738,95.0
739,1.0
740,95.0
741,95.0
742,95.0
743,95.0
744,71.0
745,95.0
746,-365.0
747,95.0
748,95.0
749,32.0
750,95.0
751,-52.0
752,-365.0
753,38.0
754,-140.0
755,-146.0
756,95.0
757,95.0
758,95.0
759,32.0
760,45.0
761,-360.0
762,-365.0
763,-4.0
764,-95.0
765,-163.0
766,66.0
767,95.0
768,-385.0
769,-223.0
770,16.0
771,95.0
772,-240.0
773,95.0
774,-65.0
775,95.0
776,1.0
777,26.0
778,-385.0
779,95.0
780,95.0
781,47.0
782,54.0
783,95.0
784,-380.0
785,42.0
786,95.0
787,95.0
788,-102.0
789,-120.0
790,83.0
791,-360.0
792,95.0
793,-35.0
794,-20.0
795,-176.0
796,-380.0
797,-370.0
798,83.0
799,-4.0
800,95.0
801,-385.0
802,95.0
803,-229.0
804,-375.0
805,-365.0
806,83.0
807,-164.0
808,-385.0
809,71.0
810,95.0
811,95.0
812,95.0
813,8.0
814,-207.0
815,-200.0
816,95.0
817,71.0
818,95.0
819,76.0
820,54.0
821,71.0
822,-375.0
823,-188.0
824,47.0
825,95.0
826,-395.0
827,-4.0
828,64.0
829,-5.0
830,-375.0
831,71.0
832,83.0
833,-375.0
834,95.0
835,71.0
836,-20.0
837,-385.0
838,-185.0
839,-103.0
840,-350.0
841,-158.0
842,95.0
843,-375.0
844,95.0
845,-365.0
846,-375.0
847,95.0
848,-365.0
849,25.0
850,-77.0
851,95.0
852,-370.0
853,-365.0
854,-28.0
855,-380.0
856,-170.0
857,95.0
858,-42.0
859,-370.0
860,95.0
861,-390.0
862,-108.0
863,-380.0
864,-360.0
865,-49.0
866,83.0
867,83.0
868,-103.0
869,-370.0
870,57.0
871,-375.0
872,-350.0
873,95.0
874,-28.0
875,-98.0
876,95.0
877,83.0
878,-189.0
879,-370.0
880,-19.0
881,9.0
882,42.0
883,95.0
884,19.0
885,95.0
886,95.0
887,83.0
888,95.0
889,-107.0
890,-164.0
891,-375.0
892,95.0
893,95.0
894,-380.0
895,-78.0
896,95.0
897,95.0
898,-262.0
899,19.0
900,95.0
901,95.0
902,-355.0
903,-385.0
904,95.0
905,-380.0
906,-37.0
907,-375.0
908,-385.0
909,95.0
910,95.0
911,95.0
912,57.0
913,-385.0
914,-370.0
915,-4.0
916,-3.0
917,-26.0
918,83.0
919,-375.0
920,42.0
921,-370.0
922,47.0
923,-19.0
924,-208.0
925,71.0
926,-17.0
927,-136.0
928,95.0
929,95.0
930,95.0
931,95.0
932,76.0
933,8.0
934,20.0
935,95.0
936,-186.0
937,-385.0
938,95.0
939,-86.0
940,95.0
941,49.0
942,95.0
943,95.0
944,-370.0
945,-375.0
946,95.0
947,95.0
948,-236.0
949,-395.0
950,-118.0
951,26.0
952,-395.0
953,83.0
954,59.0
955,95.0
956,95.0
957,71.0
958,-44.0
959,-390.0
960,95.0
961,-217.0
962,-365.0
963,95.0
964,95.0
965,-375.0
966,-212.0
967,18.0
968,95.0
969,-375.0
970,-278.0
971,95.0
972,83.0
973,-256.0
974,-164.0
975,95.0
976,95.0
977,95.0
978,-375.0
979,-370.0
980,95.0
981,-345.0
982,-385.0
983,95.0
984,-74.0
985,95.0
986,95.0
987,-273.0
988,2.0
989,95.0
990,-32.0
991,-370.0
992,64.0
993,83.0
994,95.0
995,95.0
996,-370.0
997,-94.0
998,95.0
999,95.0
1000,3.0
1001,-375.0
1002,45.0
1003,-375.0
1004,76.0
1005,47.0
1006,95.0
1007,59.0
1008,42.0
1009,-380.0
1010,95.0
1011,95.0
1012,95.0
1013,-86.0
1014,-177.0
1015,-240.0
1016,-171.0
1017,-380.0
1018,83.0
1019,-365.0
1020,6.0
1021,-375.0
1022,14.0
1023,-365.0
1024,-22.0
1025,83.0
1026,-52.0
1027,-124.0
1028,83.0
1029,-365.0
1030,95.0
1031,47.0
1032,83.0
1033,-370.0
1034,-395.0
1035,83.0
1036,-385.0
1037,-39.0
1038,-380.0
1039,-350.0
1040,-277.0
1041,-390.0
1042,-380.0
1043,-45.0
1044,-385.0
1045,95.0
1046,71.0
1047,95.0
1048,95.0
1049,71.0
1050,95.0
1051,-11.0
1052,-365.0
1053,95.0
1054,-52.0
1055,95.0
1056,-380.0
1057,-370.0
1058,-365.0
1059,83.0
1060,1.0
1061,95.0
1062,83.0
1063,95.0
1064,-375.0
1065,-380.0
1066,54.0
1067,-35.0
1068,-375.0
1069,49.0
1070,95.0
1071,57.0
1072,95.0
1073,-375.0
1074,95.0
1075,-360.0
1076,95.0
1077,-375.0
1078,32.0
1079,33.0
1080,-100.0
1081,-390.0
1082,83.0
1083,57.0
1084,71.0
1085,-107.0
1086,-41.0
1087,-380.0
1088,-385.0
1089,95.0
1090,-284.0
1091,-370.0
1092,83.0
1093,3.0
1094,95.0
1095,-375.0
1096,-380.0
1097,-131.0
1098,95.0
1099,38.0
1100,95.0
1101,-380.0
1102,83.0
1103,-390.0
1104,95.0
1105,95.0
1106,-385.0
1107,95.0
1108,20.0
1109,95.0
1110,83.0
1111,8.0
1112,83.0
1113,-385.0
1114,64.0
1115,95.0
1116,83.0
1117,-370.0
1118,-385.0
1119,71.0
1120,95.0
1121,-390.0
1122,-375.0
1123,95.0
1124,-375.0
1125,49.0
1126,95.0
1127,95.0
1128,-390.0
1129,95.0
1130,95.0
1131,83.0
1132,83.0
1133,-375.0
1134,-385.0
1135,-34.0
1136,95.0
1137,95.0
1138,95.0
1139,83.0
1140,95.0
1141,95.0
1142,95.0
1143,95.0
1144,95.0
1145,83.0
1146,95.0
1147,-165.0
1148,95.0
1149,-375.0
1150,83.0
1151,-370.0
1152,-360.0
1153,83.0
1154,-385.0
1155,95.0
1156,95.0
1157,95.0
1158,54.0
1159,64.0
1160,-375.0
1161,-375.0
1162,20.0
1163,95.0
1164,83.0
1165,95.0
1166,-380.0
1167,95.0
1168,-375.0
1169,95.0
1170,-390.0
1171,37.0
1172,-96.0
1173,-79.0
1174,95.0
1175,95.0
1176,83.0
1177,95.0
1178,83.0
1179,95.0
1180,-56.0
1181,95.0
1182,-158.0
1183,76.0
1184,95.0
1185,95.0
1186,54.0
1187,95.0
1188,95.0
1189,59.0
1190,26.0
1191,76.0
1192,-96.0
1193,83.0
1194,-380.0
1195,-385.0
1196,-4.0
1197,-161.0
1198,95.0
1199,-390.0
1200,45.0
1201,13.0
1202,95.0
1203,-68.0
1204,35.0
1205,-380.0
1206,-118.0
1207,95.0
1208,-375.0
1209,-385.0
1210,-74.0
1211,-195.0
1212,-365.0
1213,83.0
1214,95.0
1215,95.0
1216,83.0
1217,83.0
1218,-83.0
1219,-385.0
1220,-380.0
1221,83.0
1222,83.0
1223,76.0
1224,95.0
1225,19.0
1226,83.0
1227,95.0
1228,19.0
1229,95.0
1230,66.0
1231,95.0
1232,83.0
1233,95.0
1234,-390.0
1235,83.0
1236,-390.0
1237,57.0
1238,83.0
1239,-390.0
1240,95.0
1241,76.0
1242,83.0
1243,95.0
1244,47.0
1245,-380.0
1246,95.0
1247,-385.0
1248,57.0
1249,11.0
1250,83.0
1251,-151.0
1252,83.0
1253,26.0
1254,-380.0
1255,95.0
1256,95.0
1257,66.0
1258,-380.0
1259,83.0
1260,95.0
1261,95.0
1262,-390.0
1263,-385.0
1264,6.0
1265,95.0
1266,95.0
1267,-375.0
1268,-96.0
1269,-171.0
1270,71.0
1271,95.0
1272,-375.0
1273,71.0
1274,-187.0
1275,83.0
1276,-385.0
1277,83.0
1278,-395.0
1279,95.0
1280,95.0
1281,95.0
1282,-360.0
1283,71.0
1284,95.0
1285,95.0
1286,95.0
1287,95.0
1288,95.0
1289,95.0
1290,-205.0
1291,-60.0
1292,95.0
1293,95.0
1294,95.0
1295,95.0
1296,-44.0
1297,-32.0
1298,-400.0
1299,95.0
1300,95.0
1301,83.0
1302,-390.0
1303,-380.0
1304,59.0
1305,95.0
1306,76.0
1307,0.0
1308,95.0
1309,-375.0
1310,-380.0
1311,95.0
1312,0.0
1313,83.0
1314,66.0
1315,-63.0
1316,-390.0
1317,95.0
1318,-405.0
1319,95.0
1320,-380.0
1321,76.0
1322,95.0
1323,57.0
1324,95.0
1325,6.0
1326,-66.0
1327,-375.0
1328,95.0
1329,95.0
1330,-390.0
1331,-375.0
1332,76.0
1333,95.0
1334,83.0
1335,-360.0
1336,-375.0
1337,95.0
1338,95.0
1339,95.0
1340,-385.0
1341,95.0
1342,95.0
1343,95.0
1344,95.0
1345,-380.0
1346,95.0
1347,95.0
1348,95.0
1349,-385.0
1350,95.0
1351,76.0
1352,95.0
1353,95.0
1354,95.0
1355,-385.0
1356,32.0
1357,95.0
1358,95.0
1359,-385.0
1360,95.0
1361,-190.0
1362,-390.0
1363,95.0
1364,-268.0
1365,95.0
1366,-385.0
1367,83.0
1368,-390.0
1369,95.0
1370,95.0
1371,95.0
1372,38.0
1373,95.0
1374,-73.0
1375,95.0
1376,-385.0
1377,95.0
1378,-390.0
1379,95.0
1380,95.0
1381,14.0
1382,-116.0
1383,95.0
1384,-365.0
1385,95.0
1386,83.0
1387,-370.0
1388,95.0
1389,-385.0
1390,-186.0
1391,95.0
1392,83.0
1393,-400.0
1394,71.0
1395,16.0
1396,95.0
1397,83.0
1398,40.0
1399,66.0
1400,-62.0
1401,95.0
1402,16.0
1403,-385.0
1404,83.0
1405,-6.0
1406,42.0
1407,-380.0
1408,95.0
1409,25.0
1410,-380.0
1411,76.0
1412,-385.0
1413,83.0
1414,95.0
1415,95.0
1416,95.0
1417,-390.0
1418,95.0
1419,95.0
1420,-3.0
1421,9.0
1422,54.0
1423,-96.0
1424,-360.0
1425,95.0
1426,95.0
1427,95.0
1428,95.0
1429,95.0
1430,-380.0
1431,-400.0
1432,52.0
1433,95.0
1434,18.0
1435,95.0
1436,64.0
1437,-67.0
1438,95.0
1439,95.0
1440,-395.0
1441,-13.0
1442,-66.0
1443,95.0
1444,49.0
1445,6.0
1446,-39.0
1447,95.0
1448,95.0
1449,6.0
1450,95.0
1451,95.0
1452,-41.0
1453,95.0
1454,76.0
1455,95.0
1456,33.0
1457,45.0
1458,-25.0
1459,95.0
1460,95.0
1461,95.0
1462,95.0
1463,-380.0
1464,83.0
1465,95.0
1466,95.0
1467,95.0
1468,1.0
1469,6.0
1470,-148.0
1471,-222.0
1472,-400.0
1473,95.0
1474,76.0
1475,95.0
1476,95.0
1477,95.0
1478,83.0
1479,-24.0
1480,95.0
1481,95.0
1482,76.0
1483,71.0
1484,83.0
1485,-390.0
1486,-174.0
1487,95.0
1488,95.0
1489,83.0
1490,59.0
1491,-228.0
1492,95.0
1493,95.0
1494,-135.0
1495,-24.0
1496,-385.0
1497,95.0
1498,26.0
1499,95.0
1500,95.0
1501,95.0
1502,-102.0
1503,-19.0
1504,95.0
1505,-11.0
1506,95.0
1507,49.0
1508,7.0
1509,-241.0
1510,-169.0
1511,83.0
1512,35.0
1513,95.0
1514,95.0
1515,71.0
1516,83.0
1517,-375.0
1518,95.0
1519,-227.0
1520,-159.0
1521,-81.0
1522,95.0
1523,37.0
1524,-365.0
1525,95.0
1526,95.0
1527,95.0
1528,76.0
1529,-130.0
1530,57.0
1531,83.0
1532,-10.0
1533,95.0
1534,95.0
1535,3.0
1536,95.0
1537,47.0
1538,-360.0
1539,95.0
1540,-125.0
1541,95.0
1542,95.0
1543,95.0
1544,-62.0
1545,95.0
1546,47.0
1547,83.0
1548,-134.0
1549,95.0
1550,-5.0
1551,-37.0
1552,95.0
1553,26.0
1554,95.0
1555,-360.0
1556,0.0
1557,-370.0
1558,95.0
1559,95.0
1560,95.0
1561,-140.0
1562,37.0
1563,95.0
1564,-355.0
1565,83.0
1566,95.0
1567,32.0
1568,95.0
1569,-21.0
1570,95.0
1571,95.0
1572,-380.0
1573,83.0
1574,-375.0
1575,-45.0
1576,95.0
1577,83.0
1578,95.0
1579,95.0
1580,95.0
1581,-41.0
1582,57.0
1583,95.0
1584,-365.0
1585,95.0
1586,83.0
1587,-72.0
1588,-4.0
1589,95.0
1590,57.0
1591,-113.0
1592,95.0
1593,95.0
1594,95.0
1595,83.0
1596,-345.0
1597,95.0
1598,95.0
1599,95.0
1600,95.0
1601,-26.0
1602,95.0
1603,-375.0
1604,95.0
1605,95.0
1606,83.0
1607,95.0
1608,-4.0
1609,38.0
1610,95.0
1611,-26.0
1612,-375.0
1613,95.0
1614,54.0
1615,95.0
1616,83.0
1617,-370.0
1618,-370.0
1619,95.0
1620,95.0
1621,19.0
1622,95.0
1623,16.0
1624,-9.0
1625,-370.0
1626,-96.0
1627,-249.0
1628,-375.0
1629,95.0
1630,35.0
1631,-10.0
1632,-360.0
1633,-395.0
1634,76.0
1635,-120.0
1636,95.0
1637,13.0
1638,95.0
1639,95.0
1640,-263.0
1641,95.0
1642,95.0
1643,95.0
1644,95.0
1645,95.0
1646,-365.0
1647,-115.0
1648,95.0
1649,83.0
1650,95.0
1651,-14.0
1652,83.0
1653,95.0
1654,20.0
1655,-161.0
1656,-61.0
1657,-360.0
1658,-370.0
1659,-96.0
1660,95.0
1661,-365.0
1662,83.0
1663,76.0
1664,49.0
1665,95.0
1666,-9.0
1667,95.0
1668,-390.0
1669,-385.0
1670,-202.0
1671,95.0
1672,95.0
1673,-370.0
1674,95.0
1675,32.0
1676,-265.0
1677,57.0
1678,95.0
1679,-335.0
1680,95.0
1681,-253.0
1682,-86.0
1683,95.0
1684,52.0
1685,64.0
1686,95.0
1687,95.0
1688,64.0
1689,95.0
1690,95.0
1691,95.0
1692,95.0
1693,-370.0
1694,83.0
1695,-350.0
1696,-176.0
1697,95.0
1698,95.0
1699,83.0
1700,83.0
1701,-380.0
1702,-380.0
1703,49.0
1704,95.0
1705,-119.0
1706,95.0
1707,95.0
1708,18.0
1709,-236.0
1710,-380.0
1711,95.0
1712,83.0
1713,95.0
1714,37.0
1715,95.0
1716,95.0
1717,-91.0
1718,95.0
1719,95.0
1720,95.0
1721,95.0
1722,-93.0
1723,95.0
1724,95.0
1725,-10.0
1726,95.0
1727,95.0
1728,95.0
1729,95.0
1730,76.0
1731,64.0
1732,-218.0
1733,95.0
1734,-21.0
1735,95.0
1736,-135.0
1737,83.0
1738,-35.0
1739,-370.0
1740,18.0
1741,49.0
1742,6.0
1743,83.0
1744,52.0
1745,95.0
1746,95.0
1747,83.0
1748,-19.0
1749,49.0
1750,83.0
1751,95.0
1752,83.0
1753,95.0
1754,95.0
1755,57.0
1756,83.0
1757,95.0
1758,-64.0
1759,-370.0
1760,64.0
1761,95.0
1762,-355.0
1763,95.0
1764,-350.0
1765,-27.0
1766,-345.0
1767,83.0
1768,95.0
1769,95.0
1770,-375.0
1771,-380.0
1772,95.0
1773,-166.0
1774,6.0
1775,-96.0
1776,95.0
1777,95.0
1778,-360.0
1779,95.0
1780,-375.0
1781,95.0
1782,-375.0
1783,-365.0
1784,95.0
1785,95.0
1786,-139.0
1787,95.0
1788,95.0
1789,95.0
1790,95.0
1791,83.0
1792,95.0
1793,-248.0
1794,-126.0
1795,71.0
1796,83.0
1797,95.0
1798,-18.0
1799,95.0
1800,-380.0
1801,95.0
1802,-350.0
1803,95.0
1804,95.0
1805,95.0
1806,-38.0
1807,95.0
1808,95.0
1809,-11.0
1810,95.0
1811,95.0
1812,83.0
1813,95.0
1814,-9.0
1815,83.0
1816,95.0
1817,-57.0
1818,-50.0
1819,95.0
1820,-355.0
1821,-8.0
1822,-72.0
1823,-50.0
1824,-69.0
1825,47.0
1826,49.0
1827,-69.0
1828,-360.0
1829,-370.0
1830,76.0
1831,47.0
1832,25.0
1833,95.0
1834,71.0
1835,95.0
1836,38.0
1837,26.0
1838,95.0
1839,95.0
1840,-350.0
1841,-365.0
1842,95.0
1843,-221.0
1844,-360.0
1845,95.0
1846,95.0
1847,-365.0
1848,37.0
1849,-360.0
1850,83.0
1851,95.0
1852,95.0
1853,95.0
1854,-43.0
1855,95.0
1856,-375.0
1857,83.0
1858,95.0
1859,37.0
1860,95.0
1861,95.0
1862,-375.0
1863,95.0
1864,-380.0
1865,95.0
1866,-380.0
1867,-365.0
1868,64.0
1869,-370.0
1870,83.0
1871,95.0
1872,95.0
1873,8.0
1874,95.0
1875,76.0
1876,25.0
1877,95.0
1878,95.0
1879,95.0
1880,95.0
1881,-370.0
1882,-168.0
1883,-50.0
1884,95.0
1885,-33.0
1886,-350.0
1887,95.0
1888,95.0
1889,95.0
1890,95.0
1891,95.0
1892,95.0
1893,-3.0
1894,95.0
1895,-72.0
1896,95.0
1897,66.0
1898,38.0
1899,-98.0
1900,95.0
1901,-370.0
1902,-365.0
1903,95.0
1904,95.0
1905,-365.0
1906,95.0
1907,-6.0
1908,11.0
1909,-375.0
1910,95.0
1911,95.0
1912,47.0
1913,-340.0
1914,57.0
1915,-1.0
1916,-132.0
1917,-45.0
1918,-21.0
1919,95.0
1920,18.0
1921,20.0
1922,95.0
1923,57.0
1924,95.0
1925,95.0
1926,95.0
1927,-370.0
1928,1.0
1929,49.0
1930,95.0
1931,-228.0
1932,-355.0
1933,95.0
1934,95.0
1935,95.0
1936,83.0
1937,95.0
1938,95.0
1939,83.0
1940,95.0
1941,95.0
1942,95.0
1943,-360.0
1944,-16.0
1945,3.0
1946,95.0
1947,95.0
1948,95.0
1949,83.0
1950,-166.0
1951,-365.0
1952,95.0
1953,95.0
1954,95.0
1955,95.0
1956,57.0
1957,-360.0
1958,95.0
1959,-132.0
1960,95.0
1961,-28.0
1962,-23.0
1963,95.0
1964,95.0
1965,-118.0
1966,8.0
1967,95.0
1968,-60.0
1969,-370.0
1970,95.0
1971,76.0
1972,-69.0
1973,95.0
1974,54.0
1975,-89.0
1976,95.0
1977,95.0
1978,-126.0
1979,47.0
1980,-365.0
1981,95.0
1982,3.0
1983,95.0
1984,95.0
1985,95.0
1986,16.0
1987,83.0
1988,95.0
1989,95.0
1990,95.0
1991,-360.0
1992,95.0
1993,-270.0
1994,95.0
1995,8.0
1996,95.0
1997,95.0
1998,23.0
1999,64.0
2000,95.0
2001,83.0
2002,-360.0
2003,-59.0
2004,95.0
2005,16.0
2006,95.0
2007,-50.0
2008,95.0
2009,95.0
2010,-385.0
2011,95.0
2012,95.0
2013,95.0
2014,95.0
2015,95.0
2016,95.0
2017,95.0
2018,95.0
2019,54.0
2020,95.0
2021,-87.0
2022,83.0
2023,-390.0
2024,95.0
2025,95.0
2026,-8.0
2027,95.0
2028,95.0
2029,95.0
2030,95.0
2031,-159.0
2032,95.0
2033,95.0
2034,95.0
2035,95.0
2036,-127.0
2037,76.0
2038,95.0
2039,-365.0
2040,95.0
2041,-365.0
2042,35.0
2043,-360.0
2044,95.0
2045,95.0
2046,38.0
2047,9.0
2048,95.0
2049,95.0
2050,95.0
2051,66.0
2052,76.0
2053,95.0
2054,95.0
2055,95.0
2056,95.0
2057,95.0
2058,-14.0
2059,-127.0
2060,4.0
2061,95.0
2062,95.0
2063,95.0
2064,-360.0
2065,95.0
2066,83.0
2067,76.0
2068,95.0
2069,57.0
2070,-28.0
2071,95.0
2072,95.0
2073,-355.0
2074,83.0
2075,66.0
2076,-106.0
2077,95.0
2078,95.0
2079,95.0
2080,-259.0
2081,95.0
2082,35.0
2083,95.0
2084,95.0
2085,-248.0
2086,19.0
2087,-355.0
2088,-3.0
2089,95.0
2090,95.0
2091,-28.0
2092,-390.0
2093,-375.0
2094,64.0
2095,54.0
2096,-218.0
2097,-380.0
2098,95.0
2099,-365.0
2100,95.0
2101,76.0
2102,95.0
2103,-370.0
2104,-1.0
2105,95.0
2106,-370.0
2107,83.0
2108,83.0
2109,95.0
2110,-380.0
2111,95.0
2112,95.0
2113,95.0
2114,95.0
2115,54.0
2116,95.0
2117,95.0
2118,95.0
2119,95.0
2120,95.0
2121,-375.0
2122,95.0
2123,95.0
2124,95.0
2125,95.0
2126,76.0
2127,-365.0
2128,66.0
2129,-370.0
2130,95.0
2131,95.0
2132,95.0
2133,57.0
2134,95.0
2135,95.0
2136,95.0
2137,42.0
2138,-360.0
2139,95.0
2140,-199.0
2141,-21.0
2142,-21.0
2143,42.0
2144,-4.0
2145,95.0
2146,-183.0
2147,37.0
2148,95.0
2149,95.0
2150,95.0
2151,95.0
2152,-360.0
2153,-50.0
2154,-375.0
2155,47.0
2156,-380.0
2157,95.0
2158,95.0
2159,83.0
2160,-206.0
2161,-103.0
2162,76.0
2163,54.0
2164,-370.0
2165,95.0
2166,95.0
2167,-365.0
2168,-350.0
2169,95.0
2170,95.0
2171,76.0
2172,95.0
2173,-79.0
2174,13.0
2175,83.0
2176,-74.0
2177,95.0
2178,95.0
2179,-365.0
2180,95.0
2181,76.0
2182,83.0
2183,95.0
2184,95.0
2185,-355.0
2186,95.0
2187,54.0
2188,95.0
2189,-365.0
2190,-35.0
2191,30.0
2192,83.0
2193,95.0
2194,47.0
2195,32.0
2196,95.0
2197,95.0
2198,95.0
2199,95.0
2200,95.0
2201,95.0
2202,-370.0
2203,42.0
2204,-385.0
2205,-200.0
2206,-55.0
2207,-350.0
2208,-360.0
2209,95.0
2210,95.0
2211,-360.0
2212,95.0
2213,-360.0
2214,95.0
2215,64.0
2216,-365.0
2217,-360.0
2218,25.0
2219,95.0
2220,-120.0
2221,-365.0
2222,-360.0
2223,76.0
2224,95.0
2225,95.0
2226,95.0
2227,95.0
2228,95.0
2229,95.0
2230,95.0
2231,-365.0
2232,95.0
2233,95.0
2234,-350.0
2235,-28.0
2236,95.0
2237,66.0
2238,-370.0
2239,8.0
2240,47.0
2241,95.0
2242,-365.0
2243,54.0
2244,95.0
2245,-345.0
2246,-375.0
2247,95.0
2248,76.0
2249,-236.0
2250,95.0
2251,95.0
2252,-375.0
2253,-355.0
2254,95.0
2255,95.0
2256,-166.0
2257,95.0
2258,-35.0
2259,66.0
2260,54.0
2261,9.0
2262,25.0
2263,95.0
2264,95.0
2265,95.0
2266,30.0
2267,83.0
2268,95.0
2269,-365.0
2270,-241.0
2271,95.0
2272,95.0
2273,-4.0
2274,95.0
2275,-365.0
2276,76.0
2277,-40.0
2278,95.0
2279,95.0
2280,95.0
2281,95.0
2282,-365.0
2283,95.0
2284,95.0
2285,95.0
2286,95.0
2287,-355.0
2288,-115.0
2289,-84.0
2290,95.0
2291,-88.0
2292,95.0
2293,42.0
2294,-144.0
2295,-365.0
2296,95.0
2297,95.0
2298,-202.0
2299,95.0
2300,95.0
2301,95.0
2302,-265.0
2303,95.0
2304,4.0
2305,-375.0
2306,95.0
2307,-380.0
2308,-365.0
2309,-370.0
2310,95.0
2311,25.0
2312,95.0
2313,76.0
2314,83.0
2315,95.0
2316,-4.0
2317,-375.0
2318,95.0
2319,-146.0
2320,64.0
2321,95.0
2322,95.0
2323,95.0
2324,95.0
2325,37.0
2326,95.0
2327,83.0
2328,-91.0
2329,95.0
2330,54.0
2331,66.0
2332,95.0
2333,-360.0
2334,-360.0
2335,95.0
2336,-129.0
2337,95.0
2338,8.0
2339,95.0
2340,76.0
2341,8.0
2342,95.0
2343,-360.0
2344,-365.0
2345,-102.0
2346,25.0
2347,95.0
2348,-375.0
2349,95.0
2350,-355.0
2351,-112.0
2352,95.0
2353,83.0
2354,-365.0
2355,83.0
2356,-360.0
2357,-375.0
2358,95.0
2359,95.0
2360,30.0
2361,95.0
2362,64.0
2363,95.0
2364,83.0
2365,95.0
2366,95.0
2367,95.0
2368,49.0
2369,95.0
2370,-360.0
2371,95.0
2372,83.0
2373,-149.0
2374,95.0
2375,-360.0
2376,-103.0
2377,95.0
2378,54.0
2379,95.0
2380,-365.0
2381,95.0
2382,95.0
2383,95.0
2384,20.0
2385,-375.0
2386,95.0
2387,95.0
2388,95.0
2389,95.0
2390,95.0
2391,95.0
2392,95.0
2393,95.0
2394,95.0
2395,95.0
2396,95.0
2397,-239.0
2398,95.0
2399,-360.0
2400,-168.0
2401,47.0
2402,20.0
2403,-103.0
2404,83.0
2405,-375.0
2406,95.0
2407,95.0
2408,66.0
2409,-79.0
2410,95.0
2411,95.0
2412,-375.0
2413,95.0
2414,95.0
2415,95.0
2416,-370.0
2417,64.0
2418,-355.0
2419,-375.0
2420,95.0
2421,95.0
2422,76.0
2423,95.0
2424,95.0
2425,-149.0
2426,66.0
2427,95.0
2428,95.0
2429,95.0
2430,95.0
2431,95.0
2432,-365.0
2433,-4.0
2434,95.0
2435,-6.0
2436,95.0
2437,95.0
2438,-370.0
2439,95.0
2440,76.0
2441,95.0
2442,47.0
2443,-40.0
2444,-33.0
2445,95.0
2446,95.0
2447,95.0
2448,83.0
2449,83.0
2450,95.0
2451,95.0
2452,-224.0
2453,20.0
2454,95.0
2455,3.0
2456,37.0
2457,95.0
2458,76.0
2459,-28.0
2460,66.0
2461,83.0
2462,95.0
2463,-355.0
2464,83.0
2465,-365.0
2466,-45.0
2467,-4.0
2468,83.0
2469,83.0
2470,95.0
2471,54.0
2472,1.0
2473,95.0
2474,20.0
2475,-355.0
2476,95.0
2477,-365.0
2478,95.0
2479,-173.0
2480,95.0
2481,-9.0
2482,83.0
2483,-365.0
2484,64.0
2485,95.0
2486,95.0
2487,18.0
2488,8.0
2489,95.0
2490,25.0
2491,6.0
2492,95.0
2493,95.0
2494,-61.0
2495,95.0
2496,-345.0
2497,95.0
2498,95.0
2499,76.0
2500,-365.0
2501,95.0
2502,76.0
2503,95.0
2504,95.0
2505,76.0
2506,95.0
2507,95.0
2508,95.0
2509,95.0
2510,-375.0
2511,-365.0
2512,83.0
2513,95.0
2514,95.0
2515,95.0
2516,95.0
2517,95.0
2518,95.0
2519,64.0
2520,95.0
2521,95.0
2522,-360.0
2523,-67.0
2524,95.0
2525,95.0
2526,95.0
2527,54.0
2528,-365.0
2529,-365.0
2530,-375.0
2531,95.0
2532,95.0
2533,95.0
2534,35.0
2535,-350.0
2536,95.0
2537,95.0
2538,95.0
2539,-365.0
2540,83.0
2541,54.0
2542,95.0
2543,95.0
2544,95.0
2545,-380.0
2546,95.0
2547,95.0
2548,-173.0
2549,95.0
2550,-86.0
2551,-365.0
2552,95.0
2553,-375.0
2554,95.0
2555,-71.0
2556,95.0
2557,95.0
2558,-375.0
2559,95.0
2560,95.0
2561,95.0
2562,-355.0
2563,-18.0
2564,95.0
2565,95.0
2566,95.0
2567,95.0
2568,-365.0
2569,95.0
2570,-375.0
2571,-375.0
2572,49.0
2573,95.0
2574,95.0
2575,95.0
2576,54.0
2577,95.0
2578,95.0
2579,95.0
2580,6.0
2581,13.0
2582,-236.0
2583,-54.0
2584,-231.0
2585,-355.0
2586,-105.0
2587,-89.0
2588,95.0
2589,76.0
2590,95.0
2591,95.0
2592,-132.0
2593,-375.0
2594,95.0
2595,-23.0
2596,25.0
2597,25.0
2598,95.0
2599,95.0
2600,95.0
2601,-365.0
2602,-6.0
2603,-375.0
2604,95.0
2605,95.0
2606,-375.0
2607,95.0
2608,76.0
2609,95.0
2610,95.0
2611,35.0
2612,95.0
2613,-350.0
2614,95.0
2615,-21.0
2616,95.0
2617,-355.0
2618,40.0
2619,95.0
2620,76.0
2621,95.0
2622,49.0
2623,-385.0
2624,-380.0
2625,-19.0
2626,-153.0
2627,95.0
2628,95.0
2629,-35.0
2630,95.0
2631,95.0
2632,-35.0
2633,95.0
2634,-370.0
2635,3.0
2636,95.0
2637,95.0
2638,95.0
2639,95.0
2640,95.0
2641,95.0
2642,76.0
2643,95.0
2644,57.0
2645,-72.0
2646,20.0
2647,95.0
2648,95.0
2649,-385.0
2650,95.0
2651,57.0
2652,95.0
2653,95.0
2654,95.0
2655,95.0
2656,95.0
2657,95.0
2658,8.0
2659,95.0
2660,95.0
2661,-69.0
2662,76.0
2663,57.0
2664,-79.0
2665,49.0
2666,95.0
2667,95.0
2668,-154.0
2669,-50.0
2670,95.0
2671,-370.0
2672,-365.0
2673,95.0
2674,76.0
2675,-365.0
2676,95.0
2677,95.0
2678,95.0
2679,-360.0
2680,83.0
2681,95.0
2682,95.0
2683,95.0
2684,19.0
2685,95.0
2686,-355.0
2687,-335.0
2688,95.0
2689,-365.0
2690,95.0
2691,-365.0
2692,-370.0
2693,95.0
2694,-330.0
2695,95.0
2696,-59.0
2697,95.0
2698,76.0
2699,95.0
2700,95.0
2701,-350.0
2702,95.0
2703,-350.0
2704,95.0
2705,95.0
2706,-21.0
2707,95.0
2708,83.0
2709,-355.0
2710,-335.0
2711,95.0
2712,95.0
2713,95.0
2714,-340.0
2715,-350.0
2716,95.0
2717,95.0
2718,-360.0
2719,57.0
2720,95.0
2721,95.0
2722,-147.0
2723,95.0
2724,-325.0
2725,-330.0
2726,95.0
2727,76.0
2728,95.0
2729,1.0
2730,76.0
2731,95.0
2732,-320.0
2733,95.0
2734,95.0
2735,95.0
2736,-345.0
2737,95.0
2738,95.0
2739,95.0
2740,40.0
2741,95.0
2742,95.0
2743,95.0
2744,95.0
2745,32.0
2746,95.0
2747,95.0
2748,95.0
2749,95.0
2750,95.0
2751,95.0
2752,-360.0
2753,-19.0
2754,95.0
2755,95.0
2756,-355.0
2757,-360.0
2758,19.0
2759,95.0
2760,83.0
2761,95.0
2762,95.0
2763,95.0
2764,95.0
2765,-380.0
2766,95.0
2767,32.0
2768,95.0
2769,83.0
2770,95.0
2771,95.0
2772,95.0
2773,95.0
2774,-365.0
2775,13.0
2776,95.0
2777,83.0
2778,95.0
2779,95.0
2780,-370.0
2781,-365.0
2782,95.0
2783,-375.0
2784,95.0
2785,95.0
2786,-248.0
2787,49.0
2788,95.0
2789,-107.0
2790,-350.0
2791,95.0
2792,95.0
2793,-320.0
2794,-325.0
2795,95.0
2796,76.0
2797,95.0
2798,95.0
2799,95.0
2800,-86.0
2801,-120.0
2802,95.0
2803,59.0
2804,40.0
2805,-365.0
2806,-375.0
2807,-395.0
2808,95.0
2809,-385.0
2810,95.0
2811,76.0
2812,-355.0
2813,-370.0
2814,95.0
2815,95.0
2816,49.0
2817,95.0
2818,95.0
2819,95.0
2820,95.0
2821,-365.0
2822,47.0
2823,95.0
2824,95.0
2825,95.0
2826,95.0
2827,54.0
2828,42.0
2829,76.0
2830,95.0
2831,-375.0
2832,95.0
2833,95.0
2834,95.0
2835,95.0
2836,13.0
2837,95.0
2838,83.0
2839,-40.0
2840,-360.0
2841,95.0
2842,95.0
2843,95.0
2844,95.0
2845,95.0
2846,-25.0
2847,95.0
2848,95.0
2849,95.0
2850,13.0
2851,95.0
2852,-360.0
2853,95.0
2854,95.0
2855,95.0
2856,95.0
2857,95.0
2858,95.0
2859,-385.0
2860,95.0
2861,95.0
2862,95.0
2863,47.0
2864,-370.0
2865,95.0
2866,25.0
2867,66.0
2868,95.0
2869,11.0
2870,95.0
2871,95.0
2872,95.0
2873,76.0
2874,95.0
2875,95.0
2876,95.0
2877,95.0
2878,95.0
2879,95.0
2880,-350.0
2881,95.0
2882,95.0
2883,-71.0
2884,64.0
2885,95.0
2886,95.0
2887,83.0
2888,-365.0
2889,95.0
2890,28.0
2891,95.0
2892,95.0
2893,40.0
2894,95.0
2895,-315.0
2896,95.0
2897,-350.0
2898,54.0
2899,-146.0
2900,-27.0
2901,57.0
2902,95.0
2903,35.0
2904,95.0
2905,-350.0
2906,95.0
2907,18.0
2908,76.0
2909,54.0
2910,95.0
2911,66.0
2912,57.0
2913,54.0
2914,95.0
2915,95.0
2916,95.0
2917,6.0
2918,95.0
2919,95.0
2920,95.0
2921,-35.0
2922,-335.0
2923,-350.0
2924,95.0
2925,95.0
2926,83.0
2927,25.0
2928,49.0
2929,95.0
2930,95.0
2931,95.0
2932,-310.0
2933,54.0
2934,95.0
2935,95.0
2936,76.0
2937,95.0
2938,95.0
2939,95.0
2940,-375.0
2941,95.0
2942,76.0
2943,95.0
2944,95.0
2945,95.0
2946,-11.0
2947,95.0
2948,71.0
2949,-365.0
2950,95.0
2951,95.0
2952,54.0
2953,95.0
2954,54.0
2955,-129.0
2956,-380.0
2957,47.0
2958,-375.0
2959,83.0
2960,95.0
2961,95.0
2962,30.0
2963,95.0
2964,95.0
2965,64.0
2966,95.0
2967,-370.0
2968,-360.0
2969,-365.0
2970,59.0
2971,47.0
2972,83.0
2973,-165.0
2974,95.0
2975,71.0
2976,95.0
2977,54.0
2978,95.0
2979,95.0
2980,95.0
2981,95.0
2982,95.0
2983,-360.0
2984,95.0
2985,47.0
2986,64.0
2987,37.0
2988,95.0
2989,95.0
2990,95.0
2991,13.0
2992,-33.0
2993,47.0
2994,95.0
2995,-320.0
2996,54.0
2997,95.0
2998,-370.0
2999,95.0
3000,52.0
3001,95.0
3002,95.0
3003,95.0
3004,54.0
3005,95.0
3006,52.0
3007,47.0
3008,-350.0
3009,37.0
3010,52.0
3011,95.0
3012,83.0
3013,95.0
3014,-345.0
3015,95.0
3016,95.0
3017,95.0
3018,59.0
3019,95.0
3020,-350.0
3021,-42.0
3022,95.0
3023,95.0
3024,71.0
3025,95.0
3026,95.0
3027,95.0
3028,-360.0
3029,95.0
3030,95.0
3031,95.0
3032,95.0
3033,95.0
3034,52.0
3035,95.0
3036,52.0
3037,95.0
3038,95.0
3039,95.0
3040,95.0
3041,95.0
3042,54.0
3043,95.0
3044,95.0
3045,95.0
3046,83.0
3047,95.0
3048,95.0
3049,95.0
3050,-6.0
3051,95.0
3052,54.0
3053,42.0
3054,59.0
3055,-375.0
3056,95.0
3057,13.0
3058,52.0
3059,76.0
3060,95.0
3061,95.0
3062,59.0
3063,52.0
3064,95.0
3065,83.0
3066,95.0
3067,95.0
3068,-340.0
3069,95.0
3070,95.0
3071,-355.0
3072,-365.0
3073,95.0
3074,49.0
3075,71.0
3076,95.0
3077,95.0
3078,52.0
3079,95.0
3080,95.0
3081,95.0
3082,25.0
3083,95.0
3084,95.0
3085,95.0
3086,95.0
3087,83.0
3088,83.0
3089,71.0
3090,95.0
3091,95.0
3092,-38.0
3093,95.0
3094,71.0
3095,-345.0
3096,95.0
3097,95.0
3098,71.0
3099,95.0
3100,-310.0
3101,37.0
3102,95.0
3103,95.0
3104,95.0
3105,95.0
3106,95.0
3107,71.0
3108,83.0
3109,95.0
3110,-325.0
3111,95.0
3112,95.0
3113,-325.0
3114,76.0
3115,71.0
3116,-13.0
3117,95.0
3118,54.0
3119,95.0
3120,76.0
3121,59.0
3122,59.0
3123,71.0
3124,71.0
3125,95.0
3126,-310.0
3127,-325.0
3128,95.0
3129,95.0
3130,52.0
3131,-320.0
3132,52.0
3133,-305.0
3134,54.0
3135,95.0
3136,37.0
3137,95.0
3138,71.0
3139,42.0
3140,54.0
3141,-310.0
3142,95.0
3143,95.0
3144,71.0
3145,-305.0
3146,83.0
3147,95.0
3148,-310.0
3149,95.0
3150,32.0
3151,95.0
3152,95.0
3153,95.0
3154,71.0
3155,-305.0
3156,71.0
3157,95.0
3158,57.0
3159,-310.0
3160,47.0
3161,71.0
3162,-305.0
3163,95.0
3164,-305.0
3165,95.0
3166,95.0
3167,95.0
3168,-310.0
3169,95.0
3170,95.0
3171,95.0
3172,-310.0
3173,95.0
3174,95.0
3175,95.0
3176,42.0
3177,95.0
3178,95.0
3179,71.0
3180,95.0
3181,95.0
3182,95.0
3183,59.0
3184,83.0
3185,95.0
3186,-325.0
3187,95.0
3188,95.0
3189,-300.0
3190,49.0
3191,35.0
3192,35.0
3193,1.0
3194,95.0
3195,83.0
3196,54.0
3197,-305.0
3198,95.0
3199,95.0
3200,83.0
3201,95.0
3202,95.0
3203,71.0
3204,-305.0
3205,59.0
3206,-310.0
3207,95.0
3208,-315.0
3209,95.0
3210,95.0
3211,95.0
3212,95.0
3213,95.0
3214,83.0
3215,71.0
3216,83.0
3217,66.0
3218,95.0
3219,95.0
3220,52.0
3221,95.0
3222,95.0
3223,-310.0
3224,95.0
3225,95.0
3226,95.0
3227,71.0
3228,95.0
3229,95.0
3230,95.0
3231,95.0
3232,52.0
3233,95.0
3234,-57.0
3235,95.0
3236,95.0
3237,71.0
3238,49.0
3239,95.0
3240,95.0
3241,95.0
3242,95.0
3243,95.0
3244,95.0
3245,95.0
3246,95.0
3247,95.0
3248,95.0
3249,95.0
3250,83.0
3251,-305.0
3252,95.0
3253,95.0
3254,95.0
3255,95.0
3256,95.0
3257,-310.0
3258,95.0
3259,95.0
3260,54.0
3261,95.0
3262,95.0
3263,49.0
3264,95.0
3265,95.0
3266,59.0
3267,49.0
3268,95.0
3269,35.0
3270,95.0
3271,52.0
3272,71.0
3273,95.0
3274,95.0
3275,95.0
3276,49.0
3277,95.0
3278,71.0
3279,-310.0
3280,95.0
3281,52.0
3282,95.0
3283,95.0
3284,95.0
3285,95.0
3286,95.0
3287,-300.0
3288,-305.0
3289,95.0
3290,-310.0
3291,95.0
3292,95.0
3293,95.0
3294,95.0
3295,-305.0
3296,35.0
3297,49.0
3298,-335.0
3299,95.0
3300,95.0
3301,83.0
3302,95.0
3303,59.0
3304,95.0
3305,76.0
3306,59.0
3307,18.0
3308,95.0
3309,95.0
3310,59.0
3311,95.0
3312,-315.0
3313,95.0
3314,-315.0
3315,71.0
3316,71.0
3317,95.0
3318,95.0
3319,-335.0
3320,76.0
3321,71.0
3322,95.0
3323,95.0
3324,95.0
3325,95.0
3326,95.0
3327,95.0
3328,-310.0
3329,95.0
3330,95.0
3331,52.0
3332,-310.0
3333,95.0
3334,95.0
3335,95.0
3336,95.0
3337,95.0
3338,95.0
3339,71.0
3340,-305.0
3341,95.0
3342,-310.0
3343,76.0
3344,54.0
3345,95.0
3346,95.0
3347,95.0
3348,18.0
3349,95.0
3350,71.0
3351,95.0
3352,95.0
3353,25.0
3354,95.0
3355,95.0
3356,95.0
3357,95.0
3358,95.0
3359,71.0
3360,95.0
3361,95.0
3362,95.0
3363,95.0
3364,95.0
3365,30.0
3366,95.0
3367,-76.0
3368,-310.0
3369,66.0
3370,83.0
3371,95.0
3372,-310.0
3373,-320.0
3374,95.0
3375,52.0
3376,-310.0
3377,95.0
3378,95.0
3379,52.0
3380,-315.0
3381,71.0
3382,95.0
3383,71.0
3384,95.0
3385,-315.0
3386,95.0
3387,-310.0
3388,49.0
3389,71.0
3390,95.0
3391,95.0
3392,95.0
3393,76.0
3394,95.0
3395,71.0
3396,-330.0
3397,-315.0
3398,95.0
3399,95.0
3400,64.0
3401,95.0
3402,95.0
3403,95.0
3404,95.0
3405,95.0
3406,83.0
3407,95.0
3408,95.0
3409,-58.0
3410,95.0
3411,-320.0
3412,66.0
3413,95.0
3414,95.0
3415,83.0
3416,95.0
3417,95.0
3418,95.0
3419,95.0
3420,-13.0
3421,95.0
3422,-310.0
3423,18.0
3424,95.0
3425,95.0
3426,-320.0
3427,83.0
3428,-16.0
3429,13.0
3430,95.0
3431,95.0
3432,-340.0
3433,-310.0
3434,71.0
3435,-340.0
3436,83.0
3437,95.0
3438,8.0
3439,76.0
3440,-320.0
3441,71.0
3442,-310.0
3443,95.0
3444,-310.0
3445,95.0
3446,71.0
3447,64.0
3448,95.0
3449,95.0
3450,95.0
3451,95.0
3452,95.0
3453,-315.0
3454,71.0
3455,71.0
3456,95.0
3457,-320.0
3458,95.0
3459,83.0
3460,95.0
3461,95.0
3462,95.0
3463,-305.0
3464,95.0
3465,-305.0
3466,-134.0
3467,95.0
3468,95.0
3469,95.0
3470,49.0
3471,95.0
3472,66.0
3473,95.0
3474,-325.0
3475,95.0
3476,95.0
3477,95.0
3478,95.0
3479,-355.0
3480,95.0
3481,-305.0
3482,95.0
3483,71.0
3484,95.0
3485,95.0
3486,76.0
3487,95.0
3488,95.0
3489,95.0
3490,95.0
3491,52.0
3492,-194.0
3493,95.0
3494,71.0
3495,95.0
3496,95.0
3497,71.0
3498,95.0
3499,54.0
3500,64.0
3501,95.0
3502,95.0
3503,-310.0
3504,-315.0
3505,95.0
3506,54.0
3507,95.0
3508,95.0
3509,-315.0
3510,-201.0
3511,-310.0
3512,64.0
3513,95.0
3514,95.0
3515,95.0
3516,95.0
3517,95.0
3518,95.0
3519,95.0
3520,64.0
3521,95.0
3522,-330.0
3523,95.0
3524,95.0
3525,-30.0
3526,95.0
3527,6.0
3528,95.0
3529,20.0
3530,95.0
3531,95.0
3532,18.0
3533,95.0
3534,95.0
3535,95.0
3536,52.0
3537,95.0
3538,83.0
3539,-300.0
3540,95.0
3541,95.0
3542,95.0
3543,71.0
3544,95.0
3545,59.0
3546,49.0
3547,95.0
3548,95.0
3549,-305.0
3550,95.0
3551,95.0
3552,95.0
3553,95.0
3554,49.0
3555,-320.0
3556,18.0
3557,95.0
3558,71.0
3559,-310.0
3560,64.0
3561,1.0
3562,95.0
3563,71.0
3564,95.0
3565,95.0
3566,95.0
3567,83.0
3568,-320.0
3569,71.0
3570,-335.0
3571,95.0
3572,95.0
3573,13.0
3574,47.0
3575,95.0
3576,38.0
3577,95.0
3578,95.0
3579,30.0
3580,71.0
3581,95.0
3582,52.0
3583,-23.0
3584,95.0
3585,30.0
3586,59.0
3587,95.0
3588,54.0
3589,95.0
3590,95.0
3591,95.0
3592,-330.0
3593,-315.0
3594,-35.0
3595,49.0
3596,95.0
3597,18.0
3598,-320.0
3599,-320.0
3600,95.0
3601,-325.0
3602,95.0
3603,95.0
3604,-320.0
3605,-325.0
3606,95.0
3607,95.0
3608,95.0
3609,95.0
3610,95.0
3611,-325.0
3612,95.0
3613,54.0
3614,95.0
3615,95.0
3616,95.0
3617,95.0
3618,83.0
3619,95.0
3620,95.0
3621,95.0
3622,71.0
3623,42.0
3624,95.0
3625,95.0
3626,95.0
3627,95.0
3628,76.0
3629,-305.0
3630,-325.0
3631,95.0
3632,-340.0
3633,37.0
3634,95.0
3635,95.0
3636,95.0
3637,95.0
3638,64.0
3639,95.0
3640,-355.0
3641,71.0
3642,95.0
3643,38.0
3644,95.0
3645,95.0
3646,-320.0
3647,71.0
3648,95.0
3649,95.0
3650,76.0
3651,95.0
3652,95.0
3653,-330.0
3654,-335.0
3655,-4.0
3656,52.0
3657,95.0
3658,-325.0
3659,1.0
3660,40.0
3661,25.0
3662,95.0
3663,95.0
3664,95.0
3665,64.0
3666,95.0
3667,-168.0
3668,95.0
3669,-345.0
3670,95.0
3671,95.0
3672,52.0
3673,6.0
3674,95.0
3675,13.0
3676,95.0
3677,95.0
3678,95.0
3679,59.0
3680,-69.0
3681,-335.0
3682,95.0
3683,71.0
3684,95.0
3685,95.0
3686,40.0
3687,95.0
3688,95.0
3689,-340.0
3690,95.0
3691,95.0
3692,95.0
3693,95.0
3694,71.0
3695,83.0
3696,95.0
3697,23.0
3698,95.0
3699,83.0
3700,71.0
3701,49.0
3702,54.0
3703,95.0
3704,71.0
3705,95.0
3706,95.0
3707,95.0
3708,54.0
3709,71.0
3710,95.0
3711,-194.0
3712,-315.0
3713,95.0
3714,95.0
3715,95.0
3716,71.0
3717,49.0
3718,71.0
3719,95.0
3720,59.0
3721,95.0
3722,95.0
3723,95.0
3724,95.0
3725,95.0
3726,95.0
3727,95.0
3728,95.0
3729,95.0
3730,95.0
3731,95.0
3732,95.0
3733,95.0
3734,95.0
3735,64.0
3736,95.0
3737,95.0
3738,95.0
3739,83.0
3740,-65.0
3741,71.0
3742,95.0
3743,71.0
3744,71.0
3745,95.0
3746,95.0
3747,-33.0
3748,95.0
3749,95.0
3750,95.0
3751,95.0
3752,-16.0
3753,83.0
3754,-47.0
3755,95.0
3756,42.0
3757,95.0
3758,95.0
3759,71.0
3760,49.0
3761,42.0
3762,64.0
3763,49.0
3764,-335.0
3765,95.0
3766,95.0
3767,83.0
3768,-315.0
3769,-85.0
3770,-35.0
3771,95.0
3772,1.0
3773,83.0
3774,47.0
3775,83.0
3776,95.0
3777,95.0
3778,83.0
3779,54.0
3780,95.0
3781,95.0
3782,-61.0
3783,95.0
3784,-340.0
3785,14.0
3786,95.0
3787,95.0
3788,95.0
3789,95.0
3790,95.0
3791,95.0
3792,95.0
3793,-335.0
3794,-310.0
3795,95.0
3796,59.0
3797,28.0
3798,1.0
3799,76.0
3800,-23.0
3801,57.0
3802,95.0
3803,95.0
3804,-155.0
3805,95.0
3806,95.0
3807,71.0
3808,95.0
3809,95.0
3810,95.0
3811,95.0
3812,-113.0
3813,-88.0
3814,9.0
3815,95.0
3816,83.0
3817,95.0
3818,95.0
3819,95.0
3820,71.0
3821,95.0
3822,95.0
3823,83.0
3824,71.0
3825,95.0
3826,95.0
3827,95.0
3828,95.0
3829,95.0
3830,95.0
3831,64.0
3832,95.0
3833,95.0
3834,95.0
3835,95.0
3836,95.0
3837,6.0
3838,95.0
3839,95.0
3840,47.0
3841,95.0
3842,95.0
3843,-174.0
3844,95.0
3845,-54.0
3846,95.0
3847,-209.0
3848,-117.0
3849,49.0
3850,95.0
3851,95.0
3852,95.0
3853,76.0
3854,47.0
3855,71.0
3856,71.0
3857,-325.0
3858,71.0
3859,40.0
3860,95.0
3861,95.0
3862,47.0
3863,95.0
3864,95.0
3865,95.0
3866,95.0
3867,95.0
3868,95.0
3869,95.0
3870,83.0
3871,95.0
3872,-18.0
3873,95.0
3874,-305.0
3875,95.0
3876,-310.0
3877,37.0
3878,95.0
3879,64.0
3880,-320.0
3881,-325.0
3882,71.0
3883,95.0
3884,30.0
3885,13.0
3886,-310.0
3887,95.0
3888,-330.0
3889,25.0
3890,95.0
3891,95.0
3892,71.0
3893,54.0
3894,95.0
3895,95.0
3896,83.0
3897,95.0
3898,95.0
3899,52.0
3900,54.0
3901,64.0
3902,76.0
3903,95.0
3904,95.0
3905,95.0
3906,95.0
3907,95.0
3908,52.0
3909,-6.0
3910,76.0
3911,-115.0
3912,95.0
3913,95.0
3914,95.0
3915,95.0
3916,-35.0
3917,-6.0
3918,95.0
3919,83.0
3920,71.0
3921,95.0
3922,71.0
3923,-167.0
3924,95.0
3925,95.0
3926,95.0
3927,95.0
3928,-315.0
3929,71.0
3930,-15.0
3931,95.0
3932,95.0
3933,-330.0
3934,95.0
3935,95.0
3936,95.0
3937,95.0
3938,54.0
3939,52.0
3940,71.0
3941,71.0
3942,95.0
3943,95.0
3944,71.0
3945,83.0
3946,95.0
3947,83.0
3948,30.0
3949,-78.0
3950,59.0
3951,95.0
3952,-59.0
3953,95.0
3954,52.0
3955,71.0
3956,71.0
3957,71.0
3958,37.0
3959,52.0
3960,-20.0
3961,-146.0
3962,95.0
3963,-73.0
3964,95.0
3965,71.0
3966,95.0
3967,-6.0
3968,71.0
3969,95.0
3970,95.0
3971,95.0
3972,95.0
3973,95.0
3974,95.0
3975,83.0
3976,95.0
3977,95.0
3978,95.0
3979,64.0
3980,-42.0
3981,-1.0
3982,95.0
3983,1.0
3984,95.0
3985,95.0
3986,95.0
3987,95.0
3988,71.0
3989,95.0
3990,-320.0
3991,95.0
3992,71.0
3993,83.0
3994,95.0
3995,83.0
3996,95.0
3997,95.0
3998,71.0
3999,95.0
4000,95.0
4001,83.0
4002,95.0
4003,95.0
4004,18.0
4005,-37.0
4006,95.0
4007,95.0
4008,95.0
4009,95.0
4010,13.0
4011,83.0
4012,95.0
4013,76.0
4014,83.0
4015,71.0
4016,-105.0
4017,52.0
4018,83.0
4019,95.0
4020,52.0
4021,95.0
4022,95.0
4023,83.0
4024,25.0
4025,71.0
4026,71.0
4027,95.0
4028,71.0
4029,95.0
4030,83.0
4031,95.0
4032,-71.0
4033,-143.0
4034,18.0
4035,95.0
4036,95.0
4037,95.0
4038,42.0
4039,95.0
4040,52.0
4041,83.0
4042,20.0
4043,-163.0
4044,83.0
4045,71.0
4046,54.0
4047,71.0
4048,95.0
4049,-6.0
4050,71.0
4051,95.0
4052,-35.0
4053,83.0
4054,95.0
4055,83.0
4056,95.0
4057,95.0
4058,49.0
4059,95.0
4060,71.0
4061,71.0
4062,4.0
4063,-235.0
4064,95.0
4065,71.0
4066,95.0
4067,95.0
4068,95.0
4069,95.0
4070,83.0
4071,95.0
4072,95.0
4073,25.0
4074,71.0
4075,95.0
4076,71.0
4077,64.0
4078,95.0
4079,83.0
4080,37.0
4081,95.0
4082,95.0
4083,95.0
4084,95.0
4085,83.0
4086,-11.0
4087,95.0
4088,95.0
4089,18.0
4090,95.0
4091,71.0
4092,95.0
4093,95.0
4094,95.0
4095,-93.0
4096,13.0
4097,95.0
4098,83.0
4099,95.0
4100,71.0
4101,71.0
4102,95.0
4103,95.0
4104,-68.0
4105,95.0
4106,95.0
4107,95.0
4108,95.0
4109,64.0
4110,83.0
4111,52.0
4112,95.0
4113,83.0
4114,95.0
4115,95.0
4116,13.0
4117,95.0
4118,95.0
4119,95.0
4120,95.0
4121,83.0
4122,83.0
4123,95.0
4124,95.0
4125,95.0
4126,95.0
4127,54.0
4128,95.0
4129,95.0
4130,95.0
4131,83.0
4132,35.0
4133,83.0
4134,95.0
4135,83.0
4136,95.0
4137,95.0
4138,95.0
4139,95.0
4140,95.0
4141,95.0
4142,-76.0
4143,95.0
4144,95.0
4145,71.0
4146,-59.0
4147,-83.0
4148,52.0
4149,95.0
4150,95.0
4151,95.0
4152,95.0
4153,71.0
4154,-44.0
4155,95.0
4156,83.0
4157,95.0
4158,95.0
4159,95.0
4160,95.0
4161,95.0
4162,28.0
4163,71.0
4164,95.0
4165,95.0
4166,54.0
4167,95.0
4168,95.0
4169,95.0
4170,95.0
4171,71.0
4172,95.0
4173,95.0
4174,64.0
4175,76.0
4176,95.0
4177,95.0
4178,95.0
4179,71.0
4180,95.0
4181,95.0
4182,71.0
4183,71.0
4184,95.0
4185,95.0
4186,95.0
4187,-88.0
4188,95.0
4189,13.0
4190,95.0
4191,95.0
4192,95.0
4193,95.0
4194,71.0
4195,-4.0
4196,52.0
4197,-13.0
4198,64.0
4199,52.0
4200,95.0
4201,95.0
4202,-62.0
4203,95.0
4204,95.0
4205,95.0
4206,71.0
4207,83.0
4208,95.0
4209,59.0
4210,95.0
4211,71.0
4212,95.0
4213,71.0
4214,-23.0
4215,-23.0
4216,95.0
4217,95.0
4218,-52.0
4219,95.0
4220,71.0
4221,-45.0
4222,95.0
4223,71.0
4224,95.0
4225,95.0
4226,95.0
4227,95.0
4228,95.0
4229,95.0
4230,-83.0
4231,95.0
4232,95.0
4233,95.0
4234,95.0
4235,95.0
4236,64.0
4237,95.0
4238,71.0
4239,-23.0
4240,64.0
4241,83.0
4242,71.0
4243,95.0
4244,83.0
4245,-340.0
4246,71.0
4247,95.0
4248,95.0
4249,83.0
4250,83.0
4251,95.0
4252,95.0
4253,95.0
4254,95.0
4255,95.0
4256,95.0
4257,95.0
4258,95.0
4259,95.0
4260,54.0
4261,-335.0
4262,95.0
4263,83.0
4264,95.0
4265,95.0
4266,6.0
4267,95.0
4268,71.0
4269,95.0
4270,71.0
4271,95.0
4272,83.0
4273,95.0
4274,37.0
4275,95.0
4276,71.0
4277,95.0
4278,95.0
4279,95.0
4280,95.0
4281,95.0
4282,83.0
4283,95.0
4284,95.0
4285,42.0
4286,95.0
4287,30.0
4288,54.0
4289,95.0
4290,30.0
4291,-355.0
4292,95.0
4293,95.0
4294,-13.0
4295,95.0
4296,95.0
4297,52.0
4298,83.0
4299,95.0
4300,40.0
4301,71.0
4302,95.0
4303,71.0
4304,95.0
4305,95.0
4306,-330.0
4307,57.0
4308,71.0
4309,95.0
4310,95.0
4311,95.0
4312,95.0
4313,95.0
4314,95.0
4315,95.0
4316,95.0
4317,95.0
4318,71.0
4319,-335.0
4320,-93.0
4321,71.0
4322,95.0
4323,95.0
4324,83.0
4325,49.0
4326,95.0
4327,83.0
4328,-13.0
4329,95.0
4330,71.0
4331,-122.0
4332,71.0
4333,95.0
4334,42.0
4335,83.0
4336,95.0
4337,95.0
4338,95.0
4339,-320.0
4340,95.0
4341,95.0
4342,83.0
4343,66.0
4344,95.0
4345,71.0
4346,95.0
4347,95.0
4348,95.0
4349,37.0
4350,95.0
4351,95.0
4352,95.0
4353,95.0
4354,66.0
4355,95.0
4356,83.0
4357,95.0
4358,83.0
4359,95.0
4360,-1.0
4361,71.0
4362,95.0
4363,95.0
4364,30.0
4365,95.0
4366,83.0
4367,83.0
4368,95.0
4369,83.0
4370,83.0
4371,71.0
4372,71.0
4373,95.0
4374,71.0
4375,37.0
4376,95.0
4377,11.0
4378,59.0
4379,-66.0
4380,95.0
4381,37.0
4382,95.0
4383,95.0
4384,49.0
4385,64.0
4386,-16.0
4387,95.0
4388,95.0
4389,95.0
4390,-310.0
4391,71.0
4392,95.0
4393,71.0
4394,18.0
4395,71.0
4396,95.0
4397,95.0
4398,95.0
4399,95.0
4400,95.0
4401,95.0
4402,71.0
4403,95.0
4404,95.0
4405,83.0
4406,40.0
4407,95.0
4408,95.0
4409,95.0
4410,-325.0
4411,66.0
4412,52.0
4413,95.0
4414,52.0
4415,95.0
4416,-184.0
4417,83.0
4418,54.0
4419,71.0
4420,-330.0
4421,71.0
4422,83.0
4423,71.0
4424,-40.0
4425,95.0
4426,95.0
4427,71.0
4428,71.0
4429,95.0
4430,95.0
4431,95.0
4432,95.0
4433,95.0
4434,71.0
4435,95.0
4436,95.0
4437,95.0
4438,95.0
4439,95.0
4440,54.0
4441,95.0
4442,30.0
4443,95.0
4444,-305.0
4445,-52.0
4446,95.0
4447,52.0
4448,83.0
4449,-54.0
4450,40.0
4451,95.0
4452,95.0
4453,95.0
4454,37.0
4455,95.0
4456,95.0
4457,95.0
4458,6.0
4459,76.0
4460,95.0
4461,95.0
4462,95.0
4463,-69.0
4464,71.0
4465,95.0
4466,95.0
4467,95.0
4468,95.0
4469,83.0
4470,71.0
4471,71.0
4472,83.0
4473,95.0
4474,95.0
4475,95.0
4476,71.0
4477,71.0
4478,83.0
4479,95.0
4480,52.0
4481,95.0
4482,71.0
4483,95.0
4484,95.0
4485,95.0
4486,71.0
4487,95.0
4488,71.0
4489,95.0
4490,71.0
4491,71.0
4492,95.0
4493,95.0
4494,95.0
4495,52.0
4496,95.0
4497,95.0
4498,71.0
4499,95.0
4500,95.0
4501,49.0
4502,95.0
4503,95.0
4504,71.0
4505,83.0
4506,95.0
4507,95.0
4508,95.0
4509,95.0
4510,95.0
4511,83.0
4512,71.0
4513,83.0
4514,95.0
4515,20.0
4516,83.0
4517,71.0
4518,95.0
4519,83.0
4520,95.0
4521,95.0
4522,95.0
4523,95.0
4524,71.0
4525,95.0
4526,95.0
4527,95.0
4528,83.0
4529,47.0
4530,83.0
4531,95.0
4532,95.0
4533,95.0
4534,-315.0
4535,76.0
4536,95.0
4537,71.0
4538,95.0
4539,95.0
4540,95.0
4541,95.0
4542,95.0
4543,95.0
4544,95.0
4545,52.0
4546,32.0
4547,83.0
4548,95.0
4549,95.0
4550,42.0
4551,95.0
4552,-71.0
4553,95.0
4554,95.0
4555,95.0
4556,95.0
4557,95.0
4558,71.0
4559,71.0
4560,95.0
4561,95.0
4562,95.0
4563,71.0
4564,-330.0
4565,95.0
4566,95.0
4567,95.0
4568,11.0
4569,83.0
4570,95.0
4571,95.0
4572,95.0
4573,95.0
4574,95.0
4575,25.0
4576,83.0
4577,52.0
4578,95.0
4579,95.0
4580,54.0
4581,95.0
4582,95.0
4583,95.0
4584,95.0
4585,54.0
4586,95.0
4587,95.0
4588,-16.0
4589,95.0
4590,95.0
4591,95.0
4592,95.0
4593,95.0
4594,95.0
4595,95.0
4596,71.0
4597,95.0
4598,71.0
4599,-35.0
4600,71.0
4601,95.0
4602,95.0
4603,-310.0
4604,95.0
4605,95.0
4606,71.0
4607,71.0
4608,83.0
4609,95.0
4610,47.0
4611,95.0
4612,95.0
4613,95.0
4614,8.0
4615,76.0
4616,95.0
4617,40.0
4618,42.0
4619,71.0
4620,95.0
4621,83.0
4622,95.0
4623,95.0
4624,95.0
4625,71.0
4626,95.0
4627,95.0
4628,71.0
4629,95.0
4630,49.0
4631,95.0
4632,95.0
4633,66.0
4634,95.0
4635,71.0
4636,83.0
4637,95.0
4638,95.0
4639,95.0
4640,95.0
4641,-1.0
4642,83.0
4643,83.0
4644,8.0
4645,71.0
4646,95.0
4647,6.0
4648,95.0
4649,95.0
4650,95.0
4651,71.0
4652,95.0
4653,83.0
4654,83.0
4655,42.0
4656,-325.0
4657,95.0
4658,71.0
4659,95.0
4660,83.0
4661,95.0
4662,-64.0
4663,95.0
4664,95.0
4665,95.0
4666,83.0
4667,-52.0
4668,95.0
4669,71.0
4670,95.0
4671,95.0
4672,83.0
4673,95.0
4674,71.0
4675,95.0
4676,-335.0
4677,95.0
4678,71.0
4679,95.0
4680,52.0
4681,95.0
4682,95.0
4683,95.0
4684,95.0
4685,95.0
4686,95.0
4687,95.0
4688,83.0
4689,76.0
4690,95.0
4691,95.0
4692,95.0
4693,-315.0
4694,95.0
4695,95.0
4696,49.0
4697,95.0
4698,95.0
4699,-305.0
4700,95.0
4701,95.0
4702,83.0
4703,95.0
4704,95.0
4705,83.0
4706,71.0
4707,95.0
4708,95.0
4709,95.0
4710,95.0
4711,95.0
4712,95.0
4713,95.0
4714,95.0
4715,95.0
4716,47.0
4717,95.0
4718,95.0
4719,95.0
4720,95.0
4721,95.0
4722,95.0
4723,95.0
4724,95.0
4725,95.0
4726,95.0
4727,64.0
4728,42.0
4729,71.0
4730,95.0
4731,95.0
4732,95.0
4733,95.0
4734,95.0
4735,71.0
4736,71.0
4737,71.0
4738,95.0
4739,95.0
4740,95.0
4741,95.0
4742,95.0
4743,95.0
4744,95.0
4745,52.0
4746,71.0
4747,95.0
4748,95.0
4749,95.0
4750,95.0
4751,64.0
4752,25.0
4753,95.0
4754,71.0
4755,95.0
4756,95.0
4757,95.0
4758,76.0
4759,95.0
4760,83.0
4761,83.0
4762,83.0
4763,95.0
4764,95.0
4765,52.0
4766,71.0
4767,95.0
4768,95.0
4769,95.0
4770,52.0
4771,95.0
4772,95.0
4773,95.0
4774,95.0
4775,95.0
4776,95.0
4777,83.0
4778,71.0
4779,-310.0
4780,95.0
4781,95.0
4782,71.0
4783,95.0
4784,95.0
4785,37.0
4786,95.0
4787,71.0
4788,59.0
4789,95.0
4790,47.0
4791,95.0
4792,95.0
4793,18.0
4794,95.0
4795,95.0
4796,95.0
4797,95.0
4798,95.0
4799,95.0
4800,95.0
4801,76.0
4802,71.0
4803,95.0
4804,95.0
4805,52.0
4806,95.0
4807,95.0
4808,95.0
4809,71.0
4810,83.0
4811,95.0
4812,71.0
4813,95.0
4814,71.0
4815,71.0
4816,83.0
4817,95.0
4818,95.0
4819,95.0
4820,95.0
4821,71.0
4822,71.0
4823,95.0
4824,-300.0
4825,76.0
4826,95.0
4827,95.0
4828,42.0
4829,-320.0
4830,95.0
4831,71.0
4832,83.0
4833,95.0
4834,95.0
4835,95.0
4836,49.0
4837,95.0
4838,71.0
4839,95.0
4840,95.0
4841,95.0
4842,71.0
4843,83.0
4844,95.0
4845,71.0
4846,95.0
4847,83.0
4848,95.0
4849,95.0
4850,71.0
4851,95.0
4852,95.0
4853,95.0
4854,83.0
4855,95.0
4856,-305.0
4857,95.0
4858,71.0
4859,83.0
4860,71.0
4861,95.0
4862,71.0
4863,95.0
4864,95.0
4865,95.0
4866,95.0
4867,95.0
4868,95.0
4869,71.0
4870,95.0
4871,95.0
4872,95.0
4873,-310.0
4874,95.0
4875,95.0
4876,95.0
4877,83.0
4878,95.0
4879,23.0
4880,95.0
4881,71.0
4882,83.0
4883,71.0
4884,95.0
4885,95.0
4886,-35.0
4887,83.0
4888,95.0
4889,95.0
4890,83.0
4891,83.0
4892,95.0
4893,95.0
4894,95.0
4895,71.0
4896,95.0
4897,95.0
4898,95.0
4899,95.0
4900,71.0
4901,37.0
4902,95.0
4903,71.0
4904,95.0
4905,71.0
4906,83.0
4907,66.0
4908,95.0
4909,83.0
4910,52.0
4911,95.0
4912,95.0
4913,-315.0
4914,95.0
4915,83.0
4916,95.0
4917,95.0
4918,83.0
4919,95.0
4920,76.0
4921,83.0
4922,95.0
4923,95.0
4924,64.0
4925,95.0
4926,95.0
4927,95.0
4928,95.0
4929,59.0
4930,95.0
4931,95.0
4932,-345.0
4933,83.0
4934,95.0
4935,95.0
4936,95.0
4937,71.0
4938,83.0
4939,47.0
4940,95.0
4941,-345.0
4942,83.0
4943,83.0
4944,95.0
4945,95.0
4946,49.0
4947,95.0
4948,25.0
4949,52.0
4950,95.0
4951,95.0
4952,52.0
4953,-23.0
4954,-11.0
4955,95.0
4956,83.0
4957,42.0
4958,-330.0
4959,95.0
4960,95.0
4961,95.0
4962,54.0
4963,95.0
4964,6.0
4965,95.0
4966,40.0
4967,95.0
4968,76.0
4969,95.0
4970,95.0
4971,59.0
4972,54.0
4973,83.0
4974,37.0
4975,95.0
4976,83.0
4977,95.0
4978,95.0
4979,71.0
4980,71.0
4981,83.0
4982,95.0
4983,52.0
4984,95.0
4985,83.0
4986,95.0
4987,76.0
4988,95.0
4989,95.0
4990,52.0
4991,95.0
4992,95.0
4993,95.0
4994,95.0
4995,95.0
4996,95.0
4997,95.0
4998,11.0
4999,95.0
5000,95.0
5001,95.0
5002,95.0
5003,-340.0
5004,71.0
5005,95.0
5006,76.0
5007,-47.0
5008,71.0
5009,95.0
5010,95.0
5011,95.0
5012,25.0
5013,95.0
5014,71.0
5015,71.0
5016,95.0
5017,95.0
5018,95.0
5019,25.0
5020,95.0
5021,95.0
5022,-340.0
5023,71.0
5024,-335.0
5025,95.0
5026,95.0
5027,71.0
5028,95.0
5029,95.0
5030,95.0
5031,83.0
5032,95.0
5033,95.0
5034,95.0
5035,83.0
5036,95.0
5037,95.0
5038,52.0
5039,66.0
5040,95.0
5041,95.0
5042,52.0
5043,95.0
5044,95.0
5045,71.0
5046,83.0
5047,95.0
5048,95.0
5049,95.0
5050,95.0
5051,83.0
5052,64.0
5053,-4.0
5054,95.0
5055,95.0
5056,59.0
5057,95.0
5058,95.0
5059,95.0
5060,59.0
5061,95.0
5062,95.0
5063,95.0
5064,95.0
5065,66.0
5066,83.0
5067,76.0
5068,-320.0
5069,95.0
5070,-330.0
5071,-4.0
5072,95.0
5073,95.0
5074,95.0
5075,95.0
5076,95.0
5077,83.0
5078,71.0
5079,95.0
5080,95.0
5081,47.0
5082,66.0
5083,95.0
5084,95.0
5085,83.0
5086,95.0
5087,95.0
5088,95.0
5089,64.0
5090,95.0
5091,6.0
5092,95.0
5093,83.0
5094,95.0
5095,95.0
5096,95.0
5097,71.0
5098,95.0
5099,95.0
5100,95.0
5101,95.0
5102,49.0
5103,71.0
5104,40.0
5105,95.0
5106,95.0
5107,95.0
5108,71.0
5109,54.0
5110,71.0
5111,76.0
5112,66.0
5113,95.0
5114,71.0
5115,71.0
5116,95.0
5117,83.0
5118,95.0
5119,95.0
5120,95.0
5121,71.0
5122,71.0
5123,-28.0
5124,95.0
5125,95.0
5126,95.0
5127,71.0
5128,95.0
5129,95.0
5130,95.0
5131,95.0
5132,95.0
5133,71.0
5134,95.0
5135,95.0
5136,95.0
5137,95.0
5138,95.0
5139,95.0
5140,83.0
5141,95.0
5142,95.0
5143,83.0
5144,13.0
5145,59.0
5146,95.0
5147,95.0
5148,71.0
5149,54.0
5150,83.0
5151,83.0
5152,30.0
5153,25.0
5154,83.0
5155,95.0
5156,71.0
5157,95.0
5158,83.0
5159,95.0
5160,95.0
5161,95.0
5162,83.0
5163,95.0
5164,64.0
5165,95.0
5166,95.0
5167,95.0
5168,52.0
5169,83.0
5170,59.0
5171,95.0
5172,95.0
5173,95.0
5174,95.0
5175,83.0
5176,95.0
5177,71.0
5178,95.0
5179,95.0
5180,95.0
5181,95.0
5182,71.0
5183,95.0
5184,-350.0
5185,71.0
5186,95.0
5187,95.0
5188,95.0
5189,64.0
5190,95.0
5191,83.0
5192,52.0
5193,95.0
5194,71.0
5195,83.0
5196,95.0
5197,83.0
5198,95.0
5199,95.0
5200,59.0
5201,64.0
5202,83.0
5203,95.0
5204,95.0
5205,95.0
5206,95.0
5207,71.0
5208,95.0
5209,83.0
5210,95.0
5211,71.0
5212,30.0
5213,95.0
5214,95.0
5215,95.0
5216,95.0
5217,95.0
5218,64.0
5219,95.0
5220,95.0
5221,83.0
5222,-18.0
5223,95.0
5224,83.0
5225,47.0
5226,64.0
5227,95.0
5228,95.0
5229,95.0
5230,95.0
5231,95.0
5232,95.0
5233,54.0
5234,95.0
5235,83.0
5236,-310.0
5237,71.0
5238,95.0
5239,71.0
5240,95.0
5241,59.0
5242,95.0
5243,95.0
5244,95.0
5245,83.0
5246,83.0
5247,95.0
5248,28.0
5249,49.0
5250,54.0
5251,95.0
5252,95.0
5253,59.0
5254,95.0
5255,95.0
5256,95.0
5257,83.0
5258,18.0
5259,-33.0
5260,95.0
5261,71.0
5262,83.0
5263,54.0
5264,95.0
5265,95.0
5266,6.0
5267,95.0
5268,83.0
5269,59.0
5270,28.0
5271,42.0
5272,71.0
5273,95.0
5274,95.0
5275,71.0
5276,95.0
5277,6.0
5278,95.0
5279,71.0
5280,95.0
5281,95.0
5282,95.0
5283,52.0
5284,95.0
5285,54.0
5286,95.0
5287,71.0
5288,-57.0
5289,95.0
5290,71.0
5291,95.0
5292,59.0
5293,95.0
5294,95.0
5295,52.0
5296,95.0
5297,71.0
5298,66.0
5299,83.0
5300,95.0
5301,95.0
5302,71.0
5303,95.0
5304,76.0
5305,95.0
5306,95.0
5307,83.0
5308,-93.0
5309,95.0
5310,95.0
5311,-97.0
5312,95.0
5313,-28.0
5314,95.0
5315,95.0
5316,54.0
5317,95.0
5318,95.0
5319,95.0
5320,95.0
5321,95.0
5322,83.0
5323,95.0
5324,95.0
5325,95.0
5326,95.0
5327,6.0
5328,52.0
5329,83.0
5330,95.0
5331,11.0
5332,95.0
5333,95.0
5334,64.0
5335,95.0
5336,95.0
5337,95.0
5338,71.0
5339,95.0
5340,95.0
5341,95.0
5342,95.0
5343,37.0
5344,95.0
5345,83.0
5346,95.0
5347,42.0
5348,83.0
5349,95.0
5350,71.0
5351,95.0
5352,71.0
5353,76.0
5354,71.0
5355,83.0
5356,95.0
5357,95.0
5358,-335.0
5359,95.0
5360,95.0
5361,71.0
5362,95.0
5363,30.0
5364,95.0
5365,71.0
5366,64.0
5367,6.0
5368,95.0
5369,95.0
5370,59.0
5371,95.0
5372,71.0
5373,95.0
5374,95.0
5375,95.0
5376,52.0
5377,95.0
5378,95.0
5379,52.0
5380,95.0
5381,95.0
5382,95.0
5383,95.0
5384,95.0
5385,95.0
5386,83.0
5387,83.0
5388,47.0
5389,95.0
5390,71.0
5391,59.0
5392,76.0
5393,76.0
5394,95.0
5395,83.0
5396,95.0
5397,95.0
5398,95.0
5399,95.0
5400,71.0
5401,83.0
5402,59.0
5403,95.0
5404,95.0
5405,52.0
5406,95.0
5407,-119.0
5408,95.0
5409,18.0
5410,95.0
5411,95.0
5412,95.0
5413,95.0
5414,95.0
5415,83.0
5416,83.0
5417,95.0
5418,83.0
5419,71.0
5420,42.0
5421,95.0
5422,-40.0
5423,83.0
5424,95.0
5425,83.0
5426,95.0
5427,95.0
5428,83.0
5429,95.0
5430,95.0
5431,1.0
5432,30.0
5433,95.0
5434,71.0
5435,95.0
5436,95.0
5437,95.0
5438,95.0
5439,95.0
5440,59.0
5441,52.0
5442,11.0
5443,71.0
5444,95.0
5445,83.0
5446,95.0
5447,54.0
5448,71.0
5449,11.0
5450,95.0
5451,95.0
5452,52.0
5453,95.0
5454,71.0
5455,95.0
5456,95.0
5457,95.0
5458,95.0
5459,71.0
5460,71.0
5461,83.0
5462,95.0
5463,95.0
5464,95.0
5465,95.0
5466,6.0
5467,95.0
5468,95.0
5469,95.0
5470,95.0
5471,71.0
5472,95.0
5473,54.0
5474,95.0
5475,95.0
5476,95.0
5477,95.0
5478,71.0
5479,95.0
5480,95.0
5481,54.0
5482,95.0
5483,83.0
5484,83.0
5485,-305.0
5486,95.0
5487,71.0
5488,95.0
5489,95.0
5490,52.0
5491,95.0
5492,42.0
5493,95.0
5494,95.0
5495,95.0
5496,83.0
5497,25.0
5498,95.0
5499,95.0
5500,95.0
5501,95.0
5502,71.0
5503,95.0
5504,71.0
5505,83.0
5506,95.0
5507,71.0
5508,95.0
5509,83.0
5510,95.0
5511,-6.0
5512,71.0
5513,95.0
5514,95.0
5515,59.0
5516,66.0
5517,83.0
5518,52.0
5519,95.0
5520,52.0
5521,95.0
5522,95.0
5523,95.0
5524,95.0
5525,95.0
5526,95.0
5527,95.0
5528,95.0
5529,83.0
5530,95.0
5531,95.0
5532,95.0
5533,95.0
5534,95.0
5535,95.0
5536,83.0
5537,95.0
5538,71.0
5539,52.0
5540,95.0
5541,83.0
5542,59.0
5543,95.0
5544,42.0
5545,71.0
5546,59.0
5547,83.0
5548,42.0
5549,95.0
5550,95.0
5551,95.0
5552,95.0
5553,83.0
5554,47.0
5555,95.0
5556,66.0
5557,95.0
5558,42.0
5559,95.0
5560,95.0
5561,71.0
5562,95.0
5563,18.0
5564,95.0
5565,95.0
5566,83.0
5567,71.0
5568,95.0
5569,64.0
5570,20.0
5571,54.0
5572,95.0
5573,54.0
5574,95.0
5575,95.0
5576,95.0
5577,95.0
5578,25.0
5579,71.0
5580,95.0
5581,66.0
5582,95.0
5583,95.0
5584,28.0
5585,52.0
5586,95.0
5587,59.0
5588,95.0
5589,83.0
5590,95.0
5591,95.0
5592,54.0
5593,95.0
5594,95.0
5595,71.0
5596,95.0
5597,83.0
5598,95.0
5599,83.0
5600,95.0
5601,95.0
5602,95.0
5603,95.0
5604,83.0
5605,95.0
5606,95.0
5607,71.0
5608,83.0
5609,95.0
5610,95.0
5611,42.0
5612,71.0
5613,95.0
5614,95.0
5615,95.0
5616,83.0
5617,83.0
5618,95.0
5619,95.0
5620,95.0
5621,95.0
5622,95.0
5623,76.0
5624,-315.0
5625,83.0
5626,83.0
5627,95.0
5628,66.0
5629,95.0
5630,52.0
5631,71.0
5632,71.0
5633,95.0
5634,95.0
5635,83.0
5636,95.0
5637,95.0
5638,95.0
5639,95.0
5640,95.0
5641,71.0
5642,30.0
5643,95.0
5644,95.0
5645,49.0
5646,95.0
5647,83.0
5648,95.0
5649,95.0
5650,35.0
5651,95.0
5652,71.0
5653,71.0
5654,95.0
5655,95.0
5656,95.0
5657,95.0
5658,71.0
5659,76.0
5660,83.0
5661,95.0
5662,95.0
5663,95.0
5664,83.0
5665,83.0
5666,49.0
5667,1.0
5668,-117.0
5669,-47.0
5670,95.0
5671,95.0
5672,95.0
5673,52.0
5674,95.0
5675,95.0
5676,71.0
5677,71.0
5678,95.0
5679,95.0
5680,95.0
5681,37.0
5682,95.0
5683,95.0
5684,95.0
5685,95.0
5686,52.0
5687,95.0
5688,95.0
5689,13.0
5690,95.0
5691,95.0
5692,49.0
5693,95.0
5694,83.0
5695,95.0
5696,95.0
5697,71.0
5698,71.0
5699,83.0
5700,95.0
5701,71.0
5702,95.0
5703,95.0
5704,83.0
5705,83.0
5706,95.0
5707,95.0
5708,95.0
5709,71.0
5710,83.0
5711,95.0
5712,95.0
5713,71.0
5714,71.0
5715,54.0
5716,95.0
5717,71.0
5718,83.0
5719,71.0
5720,95.0
5721,95.0
5722,71.0
5723,83.0
5724,71.0
5725,54.0
5726,95.0
5727,95.0
5728,95.0
5729,95.0
5730,83.0
5731,95.0
5732,95.0
5733,95.0
5734,83.0
5735,95.0
5736,52.0
5737,95.0
5738,83.0
5739,71.0
5740,71.0
5741,95.0
5742,95.0
5743,95.0
5744,95.0
5745,71.0
5746,95.0
5747,95.0
5748,95.0
5749,95.0
5750,95.0
5751,95.0
5752,95.0
5753,95.0
5754,95.0
5755,95.0
5756,95.0
5757,71.0
5758,71.0
5759,95.0
5760,95.0
5761,49.0
5762,25.0
5763,71.0
5764,95.0
5765,83.0
5766,71.0
5767,83.0
5768,95.0
5769,95.0
5770,95.0
5771,71.0
5772,95.0
5773,52.0
5774,95.0
5775,30.0
5776,83.0
5777,54.0
5778,95.0
5779,83.0
5780,95.0
5781,95.0
5782,95.0
5783,83.0
5784,83.0
5785,95.0
5786,52.0
5787,95.0
5788,95.0
5789,95.0
5790,95.0
5791,95.0
5792,71.0
5793,71.0
5794,83.0
5795,83.0
5796,71.0
5797,95.0
5798,83.0
5799,71.0
5800,95.0
5801,37.0
5802,71.0
5803,95.0
5804,37.0
5805,95.0
5806,71.0
5807,95.0
5808,95.0
5809,83.0
5810,83.0
5811,83.0
5812,95.0
5813,95.0
5814,95.0
5815,52.0
5816,83.0
5817,95.0
5818,47.0
5819,83.0
5820,83.0
5821,95.0
5822,95.0
5823,95.0
5824,95.0
5825,59.0
5826,95.0
5827,71.0
5828,95.0
5829,71.0
5830,95.0
5831,83.0
5832,71.0
5833,95.0
5834,71.0
5835,95.0
5836,95.0
5837,95.0
5838,95.0
5839,95.0
5840,71.0
5841,95.0
5842,95.0
5843,95.0
5844,95.0
5845,95.0
5846,83.0
5847,95.0
5848,71.0
5849,95.0
5850,95.0
5851,83.0
5852,83.0
5853,95.0
5854,66.0
5855,59.0
5856,54.0
5857,71.0
5858,71.0
5859,95.0
5860,52.0
5861,95.0
5862,71.0
5863,95.0
5864,95.0
5865,95.0
5866,83.0
5867,83.0
5868,95.0
5869,95.0
5870,95.0
5871,95.0
5872,95.0
5873,95.0
5874,95.0
5875,95.0
5876,83.0
5877,71.0
5878,52.0
5879,95.0
5880,95.0
5881,95.0
5882,71.0
5883,95.0
5884,71.0
5885,95.0
5886,95.0
5887,95.0
5888,95.0
5889,95.0
5890,95.0
5891,71.0
5892,95.0
5893,95.0
5894,95.0
5895,95.0
5896,71.0
5897,95.0
5898,71.0
5899,71.0
5900,95.0
5901,95.0
5902,95.0
5903,83.0
5904,59.0
5905,83.0
5906,28.0
5907,95.0
5908,83.0
5909,83.0
5910,83.0
5911,-59.0
5912,95.0
5913,95.0
5914,95.0
5915,95.0
5916,83.0
5917,95.0
5918,83.0
5919,95.0
5920,95.0
5921,83.0
5922,71.0
5923,95.0
5924,83.0
5925,54.0
5926,83.0
5927,83.0
5928,52.0
5929,83.0
5930,83.0
5931,30.0
5932,95.0
5933,95.0
5934,95.0
5935,95.0
5936,23.0
5937,95.0
5938,95.0
5939,52.0
5940,95.0
5941,54.0
5942,71.0
5943,95.0
5944,95.0
5945,95.0
5946,95.0
5947,83.0
5948,95.0
5949,-61.0
5950,95.0
5951,95.0
5952,95.0
5953,95.0
5954,95.0
5955,83.0
5956,66.0
5957,95.0
5958,66.0
5959,95.0
5960,11.0
5961,1.0
5962,95.0
5963,95.0
5964,95.0
5965,71.0
5966,83.0
5967,95.0
5968,71.0
5969,59.0
5970,95.0
5971,95.0
5972,71.0
5973,71.0
5974,95.0
5975,95.0
5976,95.0
5977,95.0
5978,95.0
5979,95.0
5980,95.0
5981,95.0
5982,95.0
5983,83.0
5984,95.0
5985,52.0
5986,95.0
5987,95.0
5988,95.0
5989,95.0
5990,95.0
5991,95.0
5992,95.0
5993,23.0
5994,83.0
5995,95.0
5996,71.0
5997,11.0
5998,59.0
5999,95.0
6000,95.0
6001,95.0
6002,18.0
6003,95.0
6004,95.0
6005,95.0
6006,71.0
6007,95.0
6008,95.0
6009,83.0
6010,71.0
6011,95.0
6012,59.0
6013,71.0
6014,95.0
6015,95.0
6016,83.0
6017,95.0
6018,52.0
6019,95.0
6020,95.0
6021,95.0
6022,52.0
6023,83.0
6024,42.0
6025,95.0
6026,59.0
6027,95.0
6028,95.0
6029,95.0
6030,83.0
6031,71.0
6032,71.0
6033,95.0
6034,95.0
6035,95.0
6036,95.0
6037,95.0
6038,95.0
6039,52.0
6040,95.0
6041,83.0
6042,71.0
6043,71.0
6044,95.0
6045,59.0
6046,95.0
6047,95.0
6048,95.0
6049,71.0
6050,30.0
6051,52.0
6052,95.0
6053,95.0
6054,95.0
6055,71.0
6056,95.0
6057,95.0
6058,-95.0
6059,83.0
6060,83.0
6061,95.0
6062,83.0
6063,71.0
6064,83.0
6065,95.0
6066,95.0
6067,95.0
6068,95.0
6069,83.0
6070,95.0
6071,95.0
6072,95.0
6073,95.0
6074,95.0
6075,95.0
6076,95.0
6077,52.0
6078,71.0
6079,95.0
6080,95.0
6081,83.0
6082,95.0
6083,52.0
6084,95.0
6085,95.0
6086,52.0
6087,95.0
6088,-76.0
6089,95.0
6090,83.0
6091,95.0
6092,95.0
6093,54.0
6094,59.0
6095,95.0
6096,71.0
6097,95.0
6098,47.0
6099,95.0
6100,95.0
6101,95.0
6102,95.0
6103,95.0
6104,71.0
6105,25.0
6106,95.0
6107,95.0
6108,83.0
6109,95.0
6110,95.0
6111,95.0
6112,95.0
6113,83.0
6114,95.0
6115,95.0
6116,47.0
6117,95.0
6118,71.0
6119,95.0
6120,54.0
6121,52.0
6122,95.0
6123,47.0
6124,71.0
6125,95.0
6126,95.0
6127,95.0
6128,-153.0
6129,95.0
6130,95.0
6131,54.0
6132,71.0
6133,95.0
6134,95.0
6135,95.0
6136,95.0
6137,95.0
6138,95.0
6139,95.0
6140,95.0
6141,11.0
6142,30.0
6143,37.0
6144,42.0
6145,95.0
6146,95.0
6147,95.0
6148,71.0
6149,59.0
6150,11.0
6151,71.0
6152,83.0
6153,95.0
6154,83.0
6155,59.0
6156,95.0
6157,95.0
6158,95.0
6159,95.0
6160,95.0
6161,83.0
6162,71.0
6163,71.0
6164,95.0
6165,95.0
6166,-35.0
6167,71.0
6168,95.0
6169,95.0
6170,95.0
6171,95.0
6172,95.0
6173,95.0
6174,95.0
6175,95.0
6176,95.0
6177,95.0
6178,95.0
6179,95.0
6180,95.0
6181,95.0
6182,83.0
6183,83.0
6184,95.0
6185,83.0
6186,95.0
6187,13.0
6188,95.0
6189,95.0
6190,95.0
6191,71.0
6192,83.0
6193,71.0
6194,54.0
6195,37.0
6196,71.0
6197,95.0
6198,71.0
6199,71.0
6200,49.0
6201,83.0
6202,95.0
6203,95.0
6204,71.0
6205,71.0
6206,83.0
6207,95.0
6208,83.0
6209,95.0
6210,95.0
6211,11.0
6212,71.0
6213,95.0
6214,95.0
6215,95.0
6216,83.0
6217,95.0
6218,95.0
6219,95.0
6220,83.0
6221,71.0
6222,95.0
6223,95.0
6224,83.0
6225,95.0
6226,83.0
6227,71.0
6228,95.0
6229,83.0
6230,95.0
6231,95.0
6232,95.0
6233,95.0
6234,95.0
6235,47.0
6236,95.0
6237,95.0
6238,30.0
6239,71.0
6240,95.0
6241,95.0
6242,83.0
6243,71.0
6244,71.0
6245,95.0
6246,83.0
6247,95.0
6248,83.0
6249,95.0
6250,95.0
6251,71.0
6252,71.0
6253,83.0
6254,71.0
6255,95.0
6256,52.0
6257,71.0
6258,71.0
6259,83.0
6260,95.0
6261,83.0
6262,95.0
6263,83.0
6264,95.0
6265,83.0
6266,52.0
6267,95.0
6268,83.0
6269,95.0
6270,83.0
6271,95.0
6272,95.0
6273,95.0
6274,95.0
6275,95.0
6276,71.0
6277,71.0
6278,71.0
6279,83.0
6280,95.0
6281,71.0
6282,47.0
6283,95.0
6284,95.0
6285,71.0
6286,71.0
6287,59.0
6288,95.0
6289,52.0
6290,83.0
6291,95.0
6292,59.0
6293,71.0
6294,95.0
6295,95.0
6296,95.0
6297,59.0
6298,95.0
6299,95.0
6300,95.0
6301,95.0
6302,95.0
6303,71.0
6304,71.0
6305,95.0
6306,95.0
6307,83.0
6308,95.0
6309,95.0
6310,95.0
6311,95.0
6312,95.0
6313,95.0
6314,95.0
6315,95.0
6316,95.0
6317,71.0
6318,95.0
6319,95.0
6320,95.0
6321,95.0
6322,95.0
6323,83.0
6324,95.0
6325,95.0
6326,95.0
6327,95.0
6328,83.0
6329,71.0
6330,95.0
6331,47.0
6332,95.0
6333,95.0
6334,54.0
6335,71.0
6336,-18.0
6337,95.0
6338,95.0
6339,71.0
6340,59.0
6341,95.0
6342,95.0
6343,71.0
6344,95.0
6345,95.0
6346,95.0
6347,95.0
6348,95.0
6349,71.0
6350,42.0
6351,95.0
6352,95.0
6353,95.0
6354,95.0
6355,95.0
6356,95.0
6357,95.0
6358,95.0
6359,95.0
6360,95.0
6361,66.0
6362,71.0
6363,95.0
6364,66.0
6365,95.0
6366,83.0
6367,95.0
6368,66.0
6369,95.0
6370,28.0
6371,95.0
6372,30.0
6373,95.0
6374,95.0
6375,95.0
6376,95.0
6377,76.0
6378,83.0
6379,71.0
6380,95.0
6381,54.0
6382,71.0
6383,83.0
6384,95.0
6385,95.0
6386,95.0
6387,59.0
6388,95.0
6389,95.0
6390,71.0
6391,95.0
6392,95.0
6393,49.0
6394,71.0
6395,11.0
6396,83.0
6397,95.0
6398,83.0
6399,83.0
6400,95.0
6401,71.0
6402,95.0
6403,95.0
6404,83.0
6405,71.0
6406,83.0
6407,95.0
6408,54.0
6409,95.0
6410,83.0
6411,95.0
6412,30.0
6413,95.0
6414,25.0
6415,83.0
6416,95.0
6417,71.0
6418,95.0
6419,95.0
6420,71.0
6421,47.0
6422,95.0
6423,71.0
6424,83.0
6425,95.0
6426,71.0
6427,95.0
6428,95.0
6429,71.0
6430,71.0
6431,95.0
6432,95.0
6433,95.0
6434,83.0
6435,83.0
6436,95.0
6437,95.0
6438,95.0
6439,95.0
6440,83.0
6441,95.0
6442,95.0
6443,83.0
6444,95.0
6445,11.0
6446,95.0
6447,30.0
6448,95.0
6449,52.0
6450,83.0
6451,95.0
6452,95.0
6453,30.0
6454,95.0
6455,95.0
6456,42.0
6457,95.0
6458,71.0
6459,95.0
6460,95.0
6461,95.0
6462,95.0
6463,95.0
6464,95.0
6465,59.0
6466,71.0
6467,71.0
6468,95.0
6469,95.0
6470,54.0
6471,95.0
6472,95.0
6473,95.0
6474,59.0
6475,71.0
6476,18.0
6477,83.0
6478,95.0
6479,30.0
6480,71.0
6481,95.0
6482,95.0
6483,95.0
6484,83.0
6485,71.0
6486,95.0
6487,95.0
6488,59.0
6489,95.0
6490,83.0
6491,95.0
6492,95.0
6493,95.0
6494,95.0
6495,83.0
6496,95.0
6497,95.0
6498,95.0
6499,95.0
6500,95.0
6501,95.0
6502,95.0
6503,95.0
6504,95.0
6505,95.0
6506,95.0
6507,95.0
6508,71.0
6509,95.0
6510,71.0
6511,95.0
6512,95.0
6513,47.0
6514,71.0
6515,13.0
6516,71.0
6517,30.0
6518,83.0
6519,83.0
6520,71.0
6521,66.0
6522,95.0
6523,95.0
6524,59.0
6525,95.0
6526,95.0
6527,54.0
6528,95.0
6529,95.0
6530,95.0
6531,71.0
6532,71.0
6533,95.0
6534,95.0
6535,95.0
6536,59.0
6537,95.0
6538,71.0
6539,95.0
6540,95.0
6541,54.0
6542,95.0
6543,71.0
6544,95.0
6545,1.0
6546,83.0
6547,83.0
6548,95.0
6549,95.0
6550,95.0
6551,95.0
6552,95.0
6553,95.0
6554,95.0
6555,71.0
6556,95.0
6557,71.0
6558,95.0
6559,95.0
6560,95.0
6561,52.0
6562,95.0
6563,95.0
6564,95.0
6565,30.0
6566,30.0
6567,95.0
6568,83.0
6569,95.0
6570,-76.0
6571,95.0
6572,95.0
6573,95.0
6574,95.0
6575,28.0
6576,95.0
6577,95.0
6578,71.0
6579,95.0
6580,95.0
6581,95.0
6582,71.0
6583,95.0
6584,95.0
6585,59.0
6586,83.0
6587,95.0
6588,95.0
6589,71.0
6590,71.0
6591,95.0
6592,71.0
6593,95.0
6594,83.0
6595,42.0
6596,54.0
6597,59.0
6598,95.0
6599,37.0
6600,71.0
6601,59.0
6602,95.0
6603,95.0
6604,11.0
6605,59.0
6606,95.0
6607,-13.0
6608,95.0
6609,95.0
6610,71.0
6611,35.0
6612,95.0
6613,95.0
6614,59.0
6615,71.0
6616,95.0
6617,16.0
6618,95.0
6619,95.0
6620,95.0
6621,71.0
6622,71.0
6623,11.0
6624,83.0
6625,95.0
6626,71.0
6627,83.0
6628,71.0
6629,95.0
6630,95.0
6631,95.0
6632,83.0
6633,-6.0
6634,95.0
6635,95.0
6636,95.0
6637,30.0
6638,47.0
6639,83.0
6640,71.0
6641,95.0
6642,83.0
6643,71.0
6644,83.0
6645,83.0
6646,95.0
6647,95.0
6648,95.0
6649,30.0
6650,47.0
6651,71.0
6652,95.0
6653,95.0
6654,52.0
6655,95.0
6656,95.0
6657,59.0
6658,11.0
6659,95.0
6660,95.0
6661,95.0
6662,95.0
6663,71.0
6664,95.0
6665,52.0
6666,59.0
6667,95.0
6668,95.0
6669,95.0
6670,95.0
6671,71.0
6672,52.0
6673,95.0
6674,83.0
6675,83.0
6676,95.0
6677,52.0
6678,95.0
6679,95.0
6680,95.0
6681,95.0
6682,83.0
6683,95.0
6684,95.0
6685,95.0
6686,95.0
6687,95.0
6688,95.0
6689,95.0
6690,95.0
6691,95.0
6692,95.0
6693,6.0
6694,95.0
6695,95.0
6696,71.0
6697,76.0
6698,95.0
6699,71.0
6700,71.0
6701,95.0
6702,83.0
6703,95.0
6704,95.0
6705,95.0
6706,83.0
6707,95.0
6708,83.0
6709,95.0
6710,59.0
6711,95.0
6712,-52.0
6713,95.0
6714,83.0
6715,71.0
6716,95.0
6717,83.0
6718,83.0
6719,95.0
6720,83.0
6721,83.0
6722,95.0
6723,95.0
6724,71.0
6725,95.0
6726,95.0
6727,95.0
6728,95.0
6729,95.0
6730,95.0
6731,71.0
6732,95.0
6733,95.0
6734,11.0
6735,71.0
6736,71.0
6737,-47.0
6738,66.0
6739,95.0
6740,95.0
6741,95.0
6742,95.0
6743,95.0
6744,66.0
6745,95.0
6746,83.0
6747,83.0
6748,95.0
6749,95.0
6750,95.0
6751,95.0
6752,83.0
6753,95.0
6754,95.0
6755,54.0
6756,59.0
6757,35.0
6758,95.0
6759,95.0
6760,6.0
6761,42.0
6762,95.0
6763,83.0
6764,83.0
6765,64.0
6766,95.0
6767,37.0
6768,83.0
6769,64.0
6770,95.0
6771,95.0
6772,52.0
6773,11.0
6774,95.0
6775,95.0
6776,95.0
6777,95.0
6778,95.0
6779,71.0
6780,71.0
6781,95.0
6782,54.0
6783,95.0
6784,76.0
6785,71.0
6786,71.0
6787,95.0
6788,1.0
6789,71.0
6790,95.0
6791,95.0
6792,95.0
6793,95.0
6794,95.0
6795,71.0
6796,71.0
6797,95.0
6798,16.0
6799,71.0
6800,71.0
6801,83.0
6802,95.0
6803,-1.0
6804,95.0
6805,95.0
6806,83.0
6807,95.0
6808,83.0
6809,95.0
6810,95.0
6811,83.0
6812,71.0
6813,95.0
6814,95.0
6815,95.0
6816,54.0
6817,95.0
6818,95.0
6819,95.0
6820,95.0
6821,71.0
6822,95.0
6823,71.0
6824,30.0
6825,95.0
6826,95.0
6827,-93.0
6828,11.0
6829,95.0
6830,71.0
6831,95.0
6832,95.0
6833,83.0
6834,83.0
6835,71.0
6836,71.0
6837,71.0
6838,95.0
6839,95.0
6840,95.0
6841,95.0
6842,83.0
6843,71.0
6844,83.0
6845,95.0
6846,95.0
6847,95.0
6848,95.0
6849,95.0
6850,52.0
6851,71.0
6852,71.0
6853,95.0
6854,95.0
6855,37.0
6856,95.0
6857,95.0
6858,95.0
6859,71.0
6860,83.0
6861,71.0
6862,95.0
6863,95.0
6864,95.0
6865,95.0
6866,71.0
6867,95.0
6868,95.0
6869,6.0
6870,83.0
6871,95.0
6872,59.0
6873,66.0
6874,95.0
6875,95.0
6876,95.0
6877,4.0
6878,95.0
6879,95.0
6880,95.0
6881,47.0
6882,59.0
6883,54.0
6884,49.0
6885,71.0
6886,71.0
6887,71.0
6888,52.0
6889,83.0
6890,83.0
6891,95.0
6892,59.0
6893,83.0
6894,52.0
6895,83.0
6896,95.0
6897,95.0
6898,95.0
6899,95.0
6900,42.0
6901,95.0
6902,95.0
6903,66.0
6904,71.0
6905,83.0
6906,-54.0
6907,52.0
6908,95.0
6909,95.0
6910,95.0
6911,95.0
6912,95.0
6913,95.0
6914,95.0
6915,95.0
6916,95.0
6917,95.0
6918,71.0
6919,83.0
6920,16.0
6921,95.0
6922,71.0
6923,95.0
6924,95.0
6925,95.0
6926,71.0
6927,83.0
6928,95.0
6929,71.0
6930,71.0
6931,95.0
6932,71.0
6933,83.0
6934,71.0
6935,42.0
6936,95.0
6937,95.0
6938,95.0
6939,95.0
6940,71.0
6941,52.0
6942,95.0
6943,83.0
6944,95.0
6945,76.0
6946,95.0
6947,95.0
6948,71.0
6949,52.0
6950,95.0
6951,42.0
6952,95.0
6953,95.0
6954,95.0
6955,95.0
6956,95.0
6957,71.0
6958,52.0
6959,83.0
6960,59.0
6961,95.0
6962,71.0
6963,71.0
6964,35.0
6965,71.0
6966,64.0
6967,83.0
6968,95.0
6969,95.0
6970,83.0
6971,95.0
6972,71.0
6973,83.0
6974,95.0
6975,11.0
6976,95.0
6977,66.0
6978,-6.0
6979,83.0
6980,95.0
6981,95.0
6982,95.0
6983,95.0
6984,95.0
6985,71.0
6986,95.0
6987,83.0
6988,37.0
6989,95.0
6990,95.0
6991,71.0
6992,59.0
6993,95.0
6994,71.0
6995,95.0
6996,95.0
6997,83.0
6998,95.0
6999,95.0
7000,71.0
7001,95.0
7002,95.0
7003,95.0
7004,95.0
7005,95.0
7006,-23.0
7007,76.0
7008,95.0
7009,83.0
7010,83.0
7011,71.0
7012,71.0
7013,71.0
7014,95.0
7015,95.0
7016,95.0
7017,42.0
7018,95.0
7019,95.0
7020,83.0
7021,95.0
7022,83.0
7023,95.0
7024,54.0
7025,95.0
7026,71.0
7027,52.0
7028,71.0
7029,83.0
7030,76.0
7031,95.0
7032,95.0
7033,71.0
7034,95.0
7035,95.0
7036,95.0
7037,83.0
7038,83.0
7039,95.0
7040,95.0
7041,71.0
7042,95.0
7043,95.0
7044,95.0
7045,95.0
7046,13.0
7047,95.0
7048,47.0
7049,95.0
7050,16.0
7051,71.0
7052,40.0
7053,71.0
7054,95.0
7055,83.0
7056,95.0
7057,95.0
7058,95.0
7059,52.0
7060,52.0
7061,83.0
7062,95.0
7063,95.0
7064,95.0
7065,95.0
7066,95.0
7067,95.0
7068,95.0
7069,59.0
7070,23.0
7071,30.0
7072,52.0
7073,83.0
7074,54.0
7075,54.0
7076,95.0
7077,83.0
7078,71.0
7079,95.0
7080,54.0
7081,95.0
7082,71.0
7083,95.0
7084,-47.0
7085,83.0
7086,76.0
7087,95.0
7088,83.0
7089,95.0
7090,95.0
7091,95.0
7092,71.0
7093,95.0
7094,95.0
7095,95.0
7096,71.0
7097,-95.0
7098,95.0
7099,52.0
7100,95.0
7101,11.0
7102,95.0
7103,95.0
7104,95.0
7105,95.0
7106,71.0
7107,83.0
7108,95.0
7109,83.0
7110,95.0
7111,95.0
7112,95.0
7113,30.0
7114,42.0
7115,95.0
7116,71.0
7117,11.0
7118,95.0
7119,95.0
7120,71.0
7121,71.0
7122,95.0
7123,95.0
7124,95.0
7125,95.0
7126,95.0
7127,83.0
7128,95.0
7129,71.0
7130,95.0
7131,95.0
7132,95.0
7133,95.0
7134,71.0
7135,95.0
7136,95.0
7137,25.0
7138,95.0
7139,76.0
7140,95.0
7141,83.0
7142,54.0
7143,95.0
7144,71.0
7145,76.0
7146,95.0
7147,83.0
7148,95.0
7149,83.0
7150,95.0
7151,95.0
7152,95.0
7153,83.0
7154,71.0
7155,-83.0
7156,71.0
7157,95.0
7158,83.0
7159,95.0
7160,95.0
7161,95.0
7162,95.0
7163,71.0
7164,95.0
7165,83.0
7166,83.0
7167,30.0
7168,95.0
7169,71.0
7170,71.0
7171,83.0
7172,95.0
7173,71.0
7174,95.0
7175,95.0
7176,95.0
7177,95.0
7178,71.0
7179,54.0
7180,95.0
7181,95.0
7182,95.0
7183,95.0
7184,95.0
7185,95.0
7186,76.0
7187,54.0
7188,83.0
7189,95.0
7190,71.0
7191,71.0
7192,95.0
7193,37.0
7194,95.0
7195,71.0
7196,95.0
7197,95.0
7198,95.0
7199,83.0
7200,59.0
7201,83.0
7202,71.0
7203,95.0
7204,95.0
7205,71.0
7206,76.0
7207,95.0
7208,95.0
7209,95.0
7210,83.0
7211,95.0
7212,71.0
7213,71.0
7214,30.0
7215,83.0
7216,-103.0
7217,95.0
7218,95.0
7219,95.0
7220,95.0
7221,95.0
7222,95.0
7223,95.0
7224,95.0
7225,95.0
7226,95.0
7227,95.0
7228,95.0
7229,95.0
7230,71.0
7231,95.0
7232,95.0
7233,83.0
7234,95.0
7235,95.0
7236,95.0
7237,95.0
7238,71.0
7239,47.0
7240,76.0
7241,95.0
7242,95.0
7243,54.0
7244,13.0
7245,95.0
7246,95.0
7247,83.0
7248,95.0
