0,7.0
1,1.0
2,7.0
3,6.0
4,6.0
5,3.0
6,8.0
7,10.0
8,8.0
9,6.0
10,5.0
11,5.0
12,5.0
13,6.0
14,3.0
15,3.0
16,5.0
17,8.0
18,6.0
19,6.0
20,8.0
21,1.0
22,6.0
23,7.0
24,6.0
25,10.0
26,8.0
27,5.0
28,10.0
29,6.0
30,8.0
31,9.0
32,7.0
33,3.0
34,9.0
35,11.0
36,7.0
37,7.0
38,5.0
39,3.0
40,4.0
41,5.0
42,5.0
43,7.0
44,12.0
45,5.0
46,9.0
47,7.0
48,6.0
49,10.0
50,5.0
51,7.0
52,4.0
53,7.0
54,13.0
55,2.0
56,2.0
57,12.0
58,1.0
59,7.0
60,5.0
61,3.0
62,9.0
63,5.0
64,7.0
65,10.0
66,12.0
67,8.0
68,7.0
69,8.0
70,3.0
71,7.0
72,0.0
73,9.0
74,2.0
75,6.0
76,12.0
77,9.0
78,12.0
79,9.0
80,6.0
81,10.0
82,1.0
83,8.0
84,4.0
85,10.0
86,12.0
87,9.0
88,5.0
89,1.0
90,7.0
91,4.0
92,8.0
93,4.0
94,1.0
95,7.0
96,5.0
97,4.0
98,12.0
99,6.0
100,9.0
101,9.0
102,2.0
103,8.0
104,8.0
105,12.0
106,8.0
107,0.0
108,13.0
109,5.0
110,2.0
111,1.0
112,4.0
113,6.0
114,7.0
115,8.0
116,5.0
117,4.0
118,2.0
119,4.0
120,3.0
121,5.0
122,9.0
123,4.0
124,7.0
125,3.0
126,8.0
127,1.0
128,2.0
129,7.0
130,1.0
131,4.0
132,10.0
133,5.0
134,7.0
135,4.0
136,4.0
137,13.0
138,3.0
139,8.0
140,7.0
141,7.0
142,6.0
143,5.0
144,5.0
145,5.0
146,6.0
147,10.0
148,4.0
149,4.0
150,4.0
151,7.0
152,5.0
153,4.0
154,2.0
155,5.0
156,6.0
157,5.0
158,2.0
159,5.0
160,9.0
161,10.0
162,8.0
163,11.0
164,4.0
165,6.0
166,2.0
167,0.0
168,1.0
169,11.0
170,10.0
171,6.0
172,6.0
173,4.0
174,3.0
175,4.0
176,2.0
177,14.0
178,2.0
179,9.0
180,5.0
181,5.0
182,9.0
183,3.0
184,9.0
185,3.0
186,1.0
187,6.0
188,9.0
189,2.0
190,6.0
191,5.0
192,5.0
193,1.0
194,7.0
195,10.0
196,9.0
197,3.0
198,3.0
199,11.0
200,4.0
201,5.0
202,5.0
203,5.0
204,5.0
205,12.0
206,9.0
207,8.0
208,3.0
209,1.0
210,6.0
211,4.0
212,14.0
213,7.0
214,4.0
215,8.0
216,5.0
217,9.0
218,4.0
219,4.0
220,14.0
221,6.0
222,9.0
223,6.0
224,6.0
225,4.0
226,4.0
227,16.0
228,8.0
229,4.0
230,12.0
231,7.0
232,6.0
233,5.0
234,4.0
235,4.0
236,9.0
237,3.0
238,10.0
239,4.0
240,6.0
241,6.0
242,5.0
243,5.0
244,9.0
245,13.0
246,4.0
247,4.0
248,12.0
249,2.0
250,2.0
251,5.0
252,9.0
253,10.0
254,6.0
255,10.0
256,14.0
257,12.0
258,1.0
259,9.0
260,10.0
261,8.0
262,3.0
263,6.0
264,8.0
265,8.0
266,4.0
267,12.0
268,6.0
269,9.0
270,4.0
271,4.0
272,1.0
273,6.0
274,7.0
275,4.0
276,9.0
277,5.0
278,10.0
279,8.0
280,10.0
281,4.0
282,10.0
283,9.0
284,4.0
285,13.0
286,8.0
287,9.0
288,2.0
289,10.0
290,2.0
291,8.0
292,6.0
293,8.0
294,13.0
295,6.0
296,2.0
297,3.0
298,2.0
299,8.0
300,9.0
301,6.0
302,12.0
303,10.0
304,11.0
305,6.0
306,5.0
307,10.0
308,4.0
309,6.0
310,7.0
311,2.0
312,4.0
313,7.0
314,8.0
315,10.0
316,10.0
317,6.0
318,7.0
319,5.0
320,9.0
321,9.0
322,9.0
323,6.0
324,4.0
325,6.0
326,4.0
327,9.0
328,2.0
329,8.0
330,5.0
331,8.0
332,1.0
333,7.0
334,4.0
335,9.0
336,5.0
337,6.0
338,13.0
339,5.0
340,8.0
341,5.0
342,5.0
343,14.0
344,10.0
345,9.0
346,8.0
347,5.0
348,8.0
349,6.0
350,7.0
351,9.0
352,14.0
353,18.0
354,9.0
355,10.0
356,7.0
357,2.0
358,7.0
359,5.0
360,7.0
361,7.0
362,6.0
363,6.0
364,10.0
365,10.0
366,7.0
367,8.0
368,11.0
369,2.0
370,8.0
371,11.0
372,9.0
373,7.0
374,9.0
375,11.0
376,7.0
377,10.0
378,2.0
379,8.0
380,3.0
381,5.0
382,2.0
383,10.0
384,9.0
385,3.0
386,6.0
387,9.0
388,8.0
389,16.0
390,7.0
391,4.0
392,2.0
393,6.0
394,13.0
395,4.0
396,6.0
397,10.0
398,3.0
399,7.0
400,11.0
401,8.0
402,6.0
403,5.0
404,7.0
405,8.0
406,4.0
407,13.0
408,8.0
409,3.0
410,5.0
411,5.0
412,14.0
413,7.0
414,7.0
415,5.0
416,10.0
417,14.0
418,3.0
419,7.0
420,1.0
421,7.0
422,7.0
423,7.0
424,6.0
425,8.0
426,5.0
427,2.0
428,14.0
429,9.0
430,8.0
431,9.0
432,1.0
433,5.0
434,4.0
435,11.0
436,10.0
437,1.0
438,4.0
439,8.0
440,6.0
441,9.0
442,10.0
443,8.0
444,14.0
445,13.0
446,4.0
447,5.0
448,4.0
449,6.0
450,10.0
451,8.0
452,6.0
453,10.0
454,9.0
455,12.0
456,6.0
457,6.0
458,14.0
459,9.0
460,9.0
461,5.0
462,4.0
463,10.0
464,10.0
465,11.0
466,6.0
467,12.0
468,12.0
469,7.0
470,9.0
471,9.0
472,7.0
473,10.0
474,4.0
475,3.0
476,6.0
477,6.0
478,8.0
479,8.0
480,9.0
481,5.0
482,9.0
483,3.0
484,12.0
485,7.0
486,10.0
487,9.0
488,10.0
489,8.0
490,4.0
491,6.0
492,3.0
493,11.0
494,9.0
495,10.0
496,6.0
497,7.0
498,8.0
499,6.0
500,9.0
501,11.0
502,11.0
503,5.0
504,5.0
505,10.0
506,3.0
507,9.0
508,5.0
509,11.0
510,6.0
511,12.0
512,14.0
513,8.0
514,9.0
515,10.0
516,7.0
517,9.0
518,9.0
519,10.0
520,12.0
521,3.0
522,6.0
523,10.0
524,10.0
525,11.0
526,11.0
527,8.0
528,8.0
529,11.0
530,11.0
531,12.0
532,4.0
533,9.0
534,6.0
535,11.0
536,3.0
537,11.0
538,6.0
539,14.0
540,10.0
541,12.0
542,6.0
543,9.0
544,10.0
545,12.0
546,10.0
547,7.0
548,8.0
549,10.0
550,4.0
551,9.0
552,10.0
553,11.0
554,8.0
555,7.0
556,8.0
557,12.0
558,11.0
559,6.0
560,9.0
561,10.0
562,9.0
563,9.0
564,9.0
565,7.0
566,10.0
567,11.0
568,9.0
569,5.0
570,10.0
571,10.0
572,7.0
573,14.0
574,9.0
575,9.0
576,6.0
577,6.0
578,8.0
579,8.0
580,7.0
581,6.0
582,5.0
583,8.0
584,8.0
585,11.0
586,6.0
587,9.0
588,6.0
589,4.0
590,9.0
591,5.0
592,7.0
593,11.0
594,8.0
595,6.0
596,6.0
597,9.0
598,5.0
599,8.0
600,11.0
601,7.0
602,10.0
603,11.0
604,8.0
605,4.0
606,7.0
607,8.0
608,5.0
609,8.0
610,3.0
611,5.0
612,12.0
613,6.0
614,9.0
615,10.0
616,12.0
617,4.0
618,5.0
619,5.0
620,5.0
621,7.0
622,10.0
623,14.0
624,1.0
625,9.0
626,4.0
627,6.0
628,5.0
629,7.0
630,6.0
631,12.0
632,10.0
633,8.0
634,7.0
635,12.0
636,7.0
637,16.0
638,7.0
639,11.0
640,5.0
641,10.0
642,5.0
643,10.0
644,10.0
645,14.0
646,10.0
647,10.0
648,3.0
649,9.0
650,5.0
651,15.0
652,4.0
653,5.0
654,7.0
655,5.0
656,3.0
657,15.0
658,5.0
659,13.0
660,11.0
661,4.0
662,9.0
663,6.0
664,3.0
665,9.0
666,9.0
667,8.0
668,5.0
669,6.0
670,9.0
671,5.0
672,7.0
673,10.0
674,7.0
675,7.0
676,7.0
677,12.0
678,9.0
679,8.0
680,7.0
681,9.0
682,10.0
683,8.0
684,11.0
685,10.0
686,19.0
687,6.0
688,8.0
689,6.0
690,5.0
691,11.0
692,11.0
693,7.0
694,11.0
695,5.0
696,8.0
697,10.0
698,7.0
699,12.0
700,6.0
701,9.0
702,5.0
703,6.0
704,8.0
705,4.0
706,10.0
707,7.0
708,6.0
709,11.0
710,6.0
711,8.0
712,6.0
713,8.0
714,5.0
715,8.0
716,10.0
717,9.0
718,12.0
719,13.0
720,6.0
721,9.0
722,8.0
723,9.0
724,4.0
725,8.0
726,10.0
727,8.0
728,8.0
729,5.0
730,5.0
731,10.0
732,6.0
733,9.0
734,7.0
735,10.0
736,9.0
737,9.0
738,6.0
739,7.0
740,2.0
741,19.0
742,11.0
743,5.0
744,6.0
745,10.0
746,5.0
747,8.0
748,10.0
749,10.0
750,9.0
751,10.0
752,10.0
753,13.0
754,7.0
755,7.0
756,8.0
757,12.0
758,5.0
759,3.0
760,8.0
761,9.0
762,10.0
763,7.0
764,5.0
765,7.0
766,11.0
767,4.0
768,2.0
769,5.0
770,5.0
771,7.0
772,9.0
773,9.0
774,10.0
775,12.0
776,5.0
777,9.0
778,7.0
779,4.0
780,6.0
781,10.0
782,10.0
783,10.0
784,5.0
785,7.0
786,7.0
787,9.0
788,9.0
789,8.0
790,6.0
791,7.0
792,11.0
793,5.0
794,11.0
795,6.0
796,11.0
797,7.0
798,7.0
799,9.0
800,6.0
801,7.0
802,5.0
803,9.0
804,8.0
805,5.0
806,13.0
807,10.0
808,14.0
809,8.0
810,8.0
811,8.0
812,8.0
813,8.0
814,6.0
815,12.0
816,7.0
817,4.0
818,8.0
819,10.0
820,10.0
821,10.0
822,13.0
823,11.0
824,7.0
825,8.0
826,14.0
827,12.0
828,3.0
829,12.0
830,7.0
831,16.0
832,7.0
833,8.0
834,6.0
835,8.0
836,12.0
837,5.0
838,6.0
839,12.0
840,6.0
841,6.0
842,9.0
843,6.0
844,6.0
845,9.0
846,8.0
847,9.0
848,11.0
849,6.0
850,15.0
851,8.0
852,5.0
853,12.0
854,13.0
855,6.0
856,11.0
857,9.0
858,4.0
859,7.0
860,13.0
861,10.0
862,9.0
863,5.0
864,10.0
865,10.0
866,8.0
867,10.0
868,11.0
869,7.0
870,4.0
871,8.0
872,10.0
873,7.0
874,7.0
875,24.0
876,15.0
877,7.0
878,12.0
879,9.0
880,7.0
881,8.0
882,14.0
883,7.0
884,5.0
885,5.0
